2.55605 -3.68462 -4.99992 -2.81041 0.327672 -0.413498 0.345499 0.344667 -0.872832 1
0.194164 -1.16498 4.34693 -4.46538 -4.65428 3.30965 -0.943018 0.327842 0.0568916 0
-0.82514 -4.33158 -1.16584 4.30437 0.889766 1.86773 -0.761586 0.0502618 0.646111 1
2.01191 -0.840006 1.53919 -2.37547 2.62198 4.10321 -0.318946 0.438373 -0.840299 0
4.91037 2.56411 1.32639 4.8255 -2.52961 -1.34661 0.409772 0.685184 0.602171 1
3.84707 1.31635 -4.27314 2.66495 -0.635886 -2.2729 -0.649991 -0.757216 -0.0643029 0
-0.134826 -3.33493 -1.40735 -4.39436 4.09208 3.97656 0.0402265 0.0111675 0.999128 0
-0.0602331 4.86642 -1.80967 4.47764 -4.09267 -2.33855 -0.26229 0.00160078 -0.964988 1
0.297474 4.13818 -2.22918 -4.49916 4.4098 -0.355542 0.657129 0.541641 0.52422 1
1.88455 -4.84132 -3.74635 2.36225 1.29543 3.68247 0.578442 0.74351 0.335556 0
-1.48985 -1.93678 -2.66805 3.45982 0.911136 0.132737 -0.547426 0.810429 -0.208638 1
-0.320826 0.37304 -0.846054 -3.4628 -3.21672 -2.12788 -0.832477 0.539132 0.127747 0
4.55361 -0.0151987 0.344498 3.90737 0.545838 2.48293 -0.68274 0.686366 0.250533 0
-3.69573 2.1471 -2.87248 -4.97 -2.25412 -4.0901 0.399953 -0.901857 -0.163372 0
-3.19104 -2.60089 4.37897 1.52059 3.86991 -1.8246 -0.278426 0.442189 -0.852612 0
-3.52467 -0.0025897 -1.12275 0.901086 3.45576 0.871866 -0.608495 0.0971005 0.787595 1
-3.5818 -0.912333 4.83305 -0.114855 -2.47874 0.648987 -0.628759 0.775245 -0.0604759 1
1.29269 -1.8075 -3.00243 1.21634 1.51254 -3.73288 -0.0596725 -0.638442 0.767353 1
-4.71625 -2.9675 -1.10686 -3.57979 -0.735026 4.01674 -0.628535 -0.152846 0.762615 0
-3.37801 -4.07826 3.85648 -2.46943 -1.34661 -4.28936 -0.0963155 0.610212 -0.786361 0
3.08945 -0.476998 -1.50476 -2.84752 1.51646 4.31674 -0.488256 0.799036 0.350925 0
0.0595589 -0.287376 3.6086 2.55844 3.17562 1.00394 0.28123 0.956301 -0.0799906 0
1.88981 3.24697 -0.606697 4.54415 4.87146 2.02207 0.0909908 -0.512222 0.854019 0
-0.859715 -3.96566 0.144347 -0.599614 3.76566 0.767167 0.44423 0.760696 0.473288 0
2.41716 2.06535 3.0072 0.249874 3.86031 -4.80908 0.439369 -0.895128 -0.0755069 1
1.82049 1.67679 -0.110569 3.65883 4.16634 -3.00445 -0.676769 0.0824347 0.731566 1
-2.84468 4.89363 -0.496526 0.146595 -1.84268 -0.539766 -0.0837677 -0.155507 0.984277 0
-2.88481 -1.34842 3.0665 1.30488 -3.46396 4.99117 -0.697499 -0.697896 0.162594 1
-1.80822 2.27335 2.73352 1.80562 1.82494 -0.822763 0.42321 0.681486 -0.597051 0
-4.18262 -4.05451 3.28708 -2.86148 1.29572 2.64005 -0.213989 -0.80636 -0.551355 1
-1.10146 4.47545 4.5216 -2.15965 1.92169 -2.30785 -0.191913 0.702571 0.685247 1
-4.88684 -3.06033 -2.17844 -2.55946 4.83236 -3.08176 -0.20588 -0.734825 0.646255 1
3.28355 -3.2312 1.0101 -2.42831 4.87937 -3.42269 -0.505265 -0.717343 -0.479715 1
2.9477 1.96007 1.34717 1.69521 2.5294 1.96243 0.20743 -0.936783 0.281799 1
1.99834 -1.81222 -2.72992 0.261233 2.62571 -3.82563 -0.855289 0.441815 0.270703 0
-3.38312 -3.56955 2.02989 3.13266 3.60226 -0.146748 -0.599471 0.778681 0.185178 0
-1.89261 0.285482 -3.64668 -0.691522 0.180836 0.881191 -0.36387 -0.441389 -0.820228 1
-1.12169 -0.241038 -0.531341 -1.30258 -4.21737 -2.20707 0.506387 0.493593 -0.707063 1
2.20768 2.28608 0.139364 4.40163 -0.393027 4.44753 0.0933963 -0.215528 -0.972021 1
1.0564 -0.981671 1.61355 1.70098 -3.49606 4.86503 0.139704 0.255487 -0.956666 1
-2.2579 -4.85049 3.29239 4.17848 0.461366 1.42979 -0.434608 0.806673 -0.400493 0
-0.442484 1.94024 3.43975 -3.39251 -4.77916 3.17101 -0.211164 0.692621 0.6897 1
4.91533 2.5171 0.824211 2.53863 -2.20488 1.95679 -0.00724313 -0.833327 -0.552733 0
4.03301 -3.36919 -4.20083 -0.635743 2.46679 2.82992 0.0368663 0.169159 -0.984899 1
-1.10269 0.440228 -4.3315 1.26861 -1.14231 -2.84174 0.145496 0.787744 0.598574 1
-1.2809 3.15932 -2.19711 -4.90652 -1.89831 1.86102 0.570891 0.0433736 -0.819879 1
-4.29365 -4.44721 -2.79315 -2.02978 2.23764 -3.39726 -0.0947788 -0.0491077 -0.994286 0
-3.49688 -0.535104 0.199885 1.95637 3.33682 -2.14058 -0.650427 0.697967 0.299645 1
0.423932 4.86883 -4.42525 -4.70645 3.56193 -4.98343 0.526858 -0.0715749 -0.846934 1
0.362668 1.79332 2.38959 4.73356 -3.77493 -4.64412 0.31376 -0.408763 -0.85701 0
0.528622 -3.74067 1.07611 3.38102 -1.43075 4.54029 -0.423194 -0.410443 0.807739 0
3.97914 3.13048 -0.756641 1.94856 2.60617 -2.55414 0.565728 -0.808 -0.164583 1
-3.86324 -2.90438 -3.83429 -3.24026 -4.93921 0.469748 -0.96081 -0.156705 0.228663 0
3.36207 -1.2469 1.87414 -4.70365 4.73346 -3.76363 0.540245 -0.01154 -0.841428 0
-1.40342 -2.49845 4.3403 2.49252 -0.000446796 2.69114 0.716341 0.506814 0.479579 0
-2.78333 -2.69428 -4.63632 1.1661 1.52622 0.62602 -0.659261 -0.681269 -0.318193 1
2.44104 -3.34072 1.53012 1.61994 -4.52361 -3.40242 -0.0270248 0.767304 -0.640714 0
-4.82055 4.14025 1.21046 -0.0341802 2.21872 0.935457 0.0425622 -0.129557 -0.990658 0
-0.572097 -4.34644 2.71944 -1.70944 -0.322586 4.7718 -0.763535 0.630384 -0.140109 0
4.39725 -1.2748 -3.28621 -4.29665 -2.45043 4.64851 -0.669565 0.0518801 -0.740939 1
3.41576 -3.94815 0.177073 -1.72772 -0.761095 -1.31438 0.853623 0.176231 0.490174 1
1.99791 3.36598 2.58246 1.05603 4.35242 -1.1094 -0.298854 0.262781 -0.917405 0
-4.16914 -2.5956 -0.983078 -2.10234 -0.2762 -0.784214 0.527588 -0.495437 -0.690068 1
3.63643 1.6882 0.274391 -2.36337 2.11564 -2.5625 -0.0920912 -0.958955 -0.268187 0
-0.0865693 2.95353 -2.67133 1.64689 -2.33881 -4.96771 0.821263 -0.554936 -0.132559 0
4.46045 2.95856 -3.65961 -4.36196 1.06001 -3.28845 0.0374751 -0.805249 -0.591751 0
2.26443 3.34338 3.25837 1.31763 3.02084 -1.70566 -0.473006 -0.625672 -0.620323 0
0.193032 -4.38269 2.67065 -2.95437 -2.79484 4.2915 0.411747 0.398245 -0.819674 1
2.11571 -2.38221 -0.0536909 -2.67392 -2.99355 -1.21634 0.98132 -0.0828704 -0.173622 1
-4.65757 -0.554808 4.77238 2.53174 -4.68361 0.237718 -0.452745 0.8578 0.243315 1
-0.693816 0.365283 -2.67922 4.6691 4.87325 -0.964189 -0.347789 0.678455 0.647102 0
1.39523 4.97599 -3.5161 1.90773 4.31915 -0.319252 0.22309 0.127268 0.966454 0
3.21334 4.4525 -3.40784 -1.56387 -4.58925 -3.44586 0.0334375 -0.718615 -0.694604 0
3.56876 0.614838 -4.77595 2.37175 1.74525 0.169081 -0.511954 -0.793155 0.329861 0
-4.3371 -1.54128 1.70991 -2.78344 4.21117 -3.5929 -0.914128 0.236346 -0.32941 0
2.62344 1.91126 -4.7366 0.898094 -4.22676 2.13695 -0.114264 0.705913 0.699021 0
4.19236 3.31256 0.0596957 0.193367 2.23836 1.01638 0.814847 -0.579463 -0.0157162 1
0.314273 -2.26749 0.743603 -4.02567 1.67049 1.98558 0.811414 0.534956 0.235437 1
0.888881 0.715826 -0.0487466 0.0227475 -3.48783 -0.586868 -0.651322 -0.680316 0.336079 0
-4.64941 -1.79358 0.220634 -1.17031 -3.92819 -2.54858 0.710243 0.621122 0.331305 0
0.131485 2.7203 4.35251 1.96996 1.50128 -0.133188 -0.211574 -0.137621 -0.967624 0
-2.23353 0.341987 2.1045 2.03369 -2.19896 1.05538 -0.515942 0.854558 0.059452 1
2.83002 0.974762 -0.865058 3.21177 1.81491 4.20252 -0.795818 -0.602432 0.0612259 1
1.51515 -2.48578 3.99521 -2.24647 4.35936 -4.95184 0.731749 -0.357554 0.580257 1
-0.835246 -3.7705 0.0681996 -3.92261 -0.635088 2.02471 -0.121314 -0.826459 0.549772 1
2.57621 -2.02936 -1.55424 -4.44394 -1.69242 -1.6149 -0.969937 -0.0479689 0.238583 0
3.6461 4.74348 -3.85525 3.04912 -1.32605 -0.0815926 -0.677943 -0.521812 -0.51779 0
-1.19392 -0.318986 -3.50749 -0.877521 -0.758665 3.83705 -0.874306 -0.380988 0.300729 0
4.19492 3.97657 3.14417 -3.29204 2.70046 4.01218 0.538806 -0.83254 0.128705 1
-2.22802 3.61622 0.222147 -1.10828 0.86862 3.69494 0.814822 0.0475518 0.577758 0
2.49145 0.798625 -0.799619 -3.10451 -1.61915 3.80784 0.757114 0.43714 0.485476 1
3.7906 2.10114 -4.27131 -3.38971 -4.10147 -1.40621 0.390322 -0.901714 -0.185905 0
3.78192 3.13047 0.626116 3.96524 1.35205 2.6936 -0.714708 -0.0249903 0.698977 0
1.87578 -1.1738 -1.22515 -3.56698 -4.23178 -3.7826 -0.78058 0.621495 -0.0666201 0
1.28767 4.75881 -1.09033 -1.376 4.08691 1.81199 -0.151405 0.626418 0.764642 0
-0.161272 -0.0136943 -4.26489 2.40759 -0.00342655 -0.492652 -0.595929 -0.336664 0.729058 0
4.72476 -4.19678 -3.89982 4.6316 -2.6159 -0.918226 -0.635766 -0.518059 0.572202 0
0.756792 -1.60881 -3.03693 -0.671227 0.856746 -0.597319 0.493041 -0.579457 -0.648953 1
1.70197 -3.51213 -0.705272 -0.972601 1.98066 4.95401 0.526789 0.573734 0.627154 0
-0.202214 -4.90392 -1.25751 1.44898 1.46495 1.39058 -0.403019 -0.347258 0.846751 1
1.93589 -1.65693 -1.105 1.66856 -2.08475 -3.55103 -0.664782 -0.346163 0.661994 1
4.2083 -4.94412 1.02249 -1.55544 0.165315 -1.18045 0.726981 -0.455388 -0.513926 1
-4.51303 1.34619 -3.75609 -3.44127 -1.23183 -0.419541 -0.848247 0.288219 0.444304 1
-2.11346 0.609144 2.94881 0.145903 -1.79389 -0.844398 -0.550832 0.702743 0.450263 1
-4.49957 -1.26641 -0.34993 0.661826 -2.97551 -4.2615 0.706169 -0.16107 0.68948 0
-1.42474 -3.18804 -2.06957 -1.3096 0.894193 4.3411 0.957989 0.27553 -0.0796247 0
-0.551499 -4.49518 -0.942137 3.64172 2.48311 0.959272 0.292305 -0.699199 -0.65244 1
1.58594 0.812851 3.33378 4.21473 -4.81084 4.82032 0.0412721 0.836664 -0.546159 1
0.904586 2.19795 -2.21204 1.59888 3.34691 3.37082 -0.485126 0.461126 0.742977 0
-1.76571 1.64147 0.348762 4.17967 -0.576297 3.69188 -0.604848 0.71387 -0.352914 1
4.62535 3.36375 -0.839926 0.359563 0.261817 -1.67072 0.291377 0.768972 0.569019 1
0.967231 4.41429 -2.56772 3.86726 -2.53026 -3.73966 0.595082 -0.596933 -0.538097 0
3.38679 1.23243 1.02405 3.71284 -1.08445 1.71648 -0.766252 -0.589131 0.256482 0
-0.454528 1.28753 1.76065 -1.48607 -4.67731 0.74346 0.392875 -0.314354 0.864194 0
2.44468 -4.4004 0.764301 -3.2358 -0.573763 -2.20507 0.654002 0.527597 -0.542146 1
1.90932 -4.66996 0.941592 3.95724 0.693398 -0.127882 -0.829786 0.527193 -0.18309 0
4.4712 -2.27557 -0.182797 -0.230483 4.53262 -2.557 0.515753 0.66634 -0.538507 0
2.82475 -4.92992 -2.8259 1.41374 4.60055 -4.49607 -0.707776 -0.692416 0.140046 1
1.55888 0.0185375 3.24627 -3.81603 0.264544 0.05059 -0.453575 0.344451 0.821963 1
3.31097 -1.08506 -1.13293 2.28307 -3.76556 -2.56999 0.722716 -0.619267 0.306905 0
-3.12021 -3.94438 -4.77444 2.19204 2.79658 -1.39033 -0.626773 0.340995 0.700627 0
-3.3089 -2.07909 -3.42846 -0.952349 1.71351 -2.76303 -0.372045 0.186696 0.909246 0
3.34283 1.99639 -0.627596 -2.1778 3.49068 2.91982 0.0824417 -0.811433 -0.578602 1
2.50171 4.98736 -4.26816 -0.74893 -3.354 -3.77779 -0.164641 -0.713746 0.680779 0
-3.93957 4.29321 -4.66923 2.9278 -0.179513 -2.33713 -0.501761 -0.659874 -0.559287 1
4.28528 -2.91877 -1.19372 0.758527 1.16563 2.64064 -0.572713 0.773188 -0.272358 0
1.98163 2.91141 -3.85893 -3.85471 2.47969 -4.81749 -0.341492 0.342643 0.875202 0
-1.68708 -2.84951 -1.17587 2.8547 4.14368 -4.82215 0.794442 0.551072 -0.255306 0
-1.56575 -3.70391 3.77797 -1.47939 -1.37809 4.4207 0.54477 0.141697 -0.826527 1
3.17317 -0.0670452 3.44201 -1.47686 -0.646247 1.42734 0.84479 -0.440326 -0.304044 1
-3.4246 2.4458 1.26152 1.12058 -2.48045 2.76418 0.261579 -0.447185 0.855338 0
-3.66707 -1.26338 -3.74078 -2.97183 -3.73969 -2.38137 -0.0824144 -0.860626 0.502525 0
-3.02482 -2.65324 4.63244 3.54237 -4.18674 1.83946 0.514823 -0.632568 -0.578632 0
-4.39738 -4.5448 4.44193 3.01168 -3.58821 3.29722 0.32309 -0.328273 -0.887609 0
4.86364 -4.46273 1.55206 -4.68162 -0.864204 3.12305 0.512304 0.662105 -0.546957 1
-2.61783 3.34369 1.7108 -2.7746 0.89708 2.16939 -0.0915029 -0.873941 -0.477342 0
-4.77538 4.33005 -0.902342 3.59511 -1.23499 0.134989 -0.472652 0.307618 0.825816 1
1.4439 1.53873 1.24005 4.87042 -4.74 -2.4088 0.182462 0.430487 -0.883962 0
-0.508932 -3.79309 -1.23067 0.426003 0.858001 -3.62284 -0.734167 0.678359 -0.0287745 0
-2.00789 -3.99191 -1.37407 3.27927 4.13002 3.41668 0.466307 0.490427 0.736233 0
1.42095 -0.512797 3.39796 -0.317907 3.15759 1.93926 0.801065 -0.18312 -0.569879 1
0.175955 -1.21555 -0.327912 4.85847 3.99267 -2.72244 0.459707 -0.100916 -0.882318 0
2.39932 -0.907217 -2.20985 -3.07353 -1.96068 -4.68745 0.491632 -0.508272 0.707077 1
2.22293 2.85073 -0.913735 2.98596 1.32939 0.770592 -0.285347 0.237456 -0.928543 1
0.296197 -0.0779262 -0.281435 -3.61998 3.57925 -1.81451 0.916194 -0.299073 -0.26673 1
2.65532 -0.43121 -4.43865 5 4.61921 -2.07505 -0.26148 0.420577 0.86876 0
1.00734 -3.01 2.96585 -2.98383 -2.48307 0.428245 0.955072 0.0530513 0.291587 1
2.9845 4.89635 1.0802 -3.9299 -3.53329 0.547776 0.270609 -0.958486 0.0898588 0
-4.30633 1.78709 -1.65635 -1.67927 3.76262 3.44641 0.352002 0.530695 -0.771011 1
0.554527 0.850274 -0.972163 4.2483 1.14501 -0.058836 -0.863445 -0.456947 0.213689 1
-4.75833 -1.56511 1.20714 -0.761547 1.10723 -3.28606 -0.464421 0.848945 0.252199 1
-4.13394 -1.23723 -1.34356 -3.89193 -0.818343 0.831153 0.243735 0.705354 -0.665634 1
4.74538 0.318603 3.71871 -3.89868 -0.246558 -4.39759 0.372748 0.0928846 0.923272 1
-4.40653 -0.250158 -3.72763 -0.604892 4.17977 -0.548927 0.0801748 0.808502 0.583006 0
-3.09742 3.46325 -3.75716 4.73193 1.56273 1.64346 -0.724492 -0.684009 -0.0851034 1
0.979564 4.72964 -2.16667 4.25623 -4.37114 3.52208 -0.435112 -0.0665997 0.89791 0
3.66139 -0.691756 -0.397495 2.59196 -1.15234 -3.01369 0.525686 0.409804 0.745463 1
-3.31517 -1.86014 1.83365 -3.34236 4.20936 1.88042 -0.47737 -0.480108 -0.735944 1
1.74452 1.68274 -3.01947 -0.330326 -1.76595 0.174822 0.640541 -0.70265 -0.309821 0
1.52046 -3.52225 -0.54879 1.60927 3.8235 4.41981 -0.737531 -0.502412 -0.451254 1
-1.38808 -3.90917 -3.34586 -2.54506 4.63839 0.611331 0.499922 -0.608391 -0.616391 1
0.474012 4.13223 3.86352 3.14419 -0.129521 -3.27424 0.109381 0.185774 0.976486 1
-1.67688 2.53337 -0.28247 -1.19573 0.129637 -3.27541 -0.655328 0.618032 0.434261 1
3.90453 -0.45434 -1.9861 2.33911 -2.49644 3.43532 0.513712 -0.189831 0.836699 0
0.255603 0.263 -0.941259 2.8213 -0.963121 -4.08466 -0.71992 -0.439086 -0.537511 0
1.45346 1.20673 2.56626 -3.15645 -3.45768 -1.72687 -0.986636 0.0969776 -0.130941 0
-4.68813 -0.909424 4.2577 4.85431 0.650613 -3.32715 -0.43388 -0.378301 -0.817702 0
-1.7785 -3.37132 -1.45674 1.02311 1.41376 -1.20418 -0.651737 -0.254796 -0.714365 1
-2.12129 -0.0887794 0.440288 1.58614 -0.606795 -2.47282 0.667025 -0.703206 -0.246127 0
4.55515 -1.81623 -3.9913 4.85489 -3.34594 -1.50731 0.610837 -0.607072 -0.508273 1
-3.98539 -2.7961 2.85281 -2.56989 -0.624893 -2.45437 0.863877 0.11124 -0.491267 0
0.576104 1.70468 3.51649 3.5338 4.01996 2.57833 0.801488 -0.427935 0.417717 0
-2.00497 -1.2496 -2.38718 2.66313 4.91835 2.45522 -0.22247 0.870637 -0.438747 0
3.63361 -3.1812 -3.97532 3.98036 4.30975 0.033576 0.888491 0.241356 -0.390297 0
-4.4519 3.30669 0.44049 2.65209 4.75294 -3.10378 0.0309072 -0.78396 0.620041 1
-3.06853 4.69667 -1.24563 3.96504 0.969475 -2.71429 0.552224 -0.827839 0.0986453 0
-4.48064 2.08398 2.7109 4.94661 -4.28364 3.83565 0.631354 -0.000764616 -0.775494 0
1.89707 4.44647 2.48435 3.15332 -3.28773 4.11773 0.883417 -0.0389676 -0.466965 0
-3.31564 -1.00692 2.03183 0.483651 -2.89936 4.02494 0.751981 -0.58071 -0.311929 0
-1.64394 1.58912 -2.64166 1.0687 -0.471169 0.221309 0.533103 -0.798696 0.27908 0
4.697 0.417963 -1.22684 2.58699 2.93286 2.46284 -0.925943 -0.33758 -0.169321 0
1.61177 -2.86181 2.0228 -1.56851 -2.23607 -0.929508 0.856555 0.355225 -0.374337 1
-4.78344 4.02304 2.78182 -0.90042 -4.46248 4.7424 -0.736832 0.446603 -0.507567 1
-3.90073 4.21468 1.02006 0.565171 -4.26962 0.450153 -0.67849 -0.115522 -0.72547 1
4.41078 0.591088 -0.913275 -4.88857 0.896359 1.9903 0.708692 -0.324706 -0.626356 1
-2.31414 0.543088 0.656901 -1.45695 -3.3838 -3.82837 -0.622916 -0.473286 0.622877 1
0.296646 1.48154 -0.855508 -1.21045 -0.300542 -4.27145 -0.675144 -0.0124025 -0.737582 0
-1.46874 -0.617092 -2.83754 -1.5006 3.92149 4.93806 0.842971 0.527336 -0.106383 0
0.519214 0.766378 -1.98782 -0.00164843 0.0654488 -3.56756 -0.510636 -0.753314 0.414449 0
-1.25378 -1.14781 -3.27073 3.56503 -3.35315 -2.35636 0.527794 0.713073 -0.461477 0
-2.15919 -2.49254 4.64196 0.152905 2.18898 0.498137 0.923642 -0.381671 -0.0348227 0
4.15687 -4.79597 -0.877896 4.97882 0.68632 4.59515 0.917735 0.2626 -0.298 0
0.454352 -4.56593 -0.917747 4.6922 0.746992 -3.69901 0.182324 -0.835906 0.517706 1
-1.93938 -2.07128 3.30683 0.837052 4.84922 4.77985 -0.927342 0.0479061 -0.371135 1
0.947643 1.81656 3.0774 -3.36064 -2.99598 -2.95847 0.61718 -0.637145 -0.461666 0
-4.09254 2.892 3.71827 2.6144 -2.52974 -3.39992 0.958435 -0.281825 0.0444583 0
2.8021 0.967026 -1.67305 3.22799 4.54354 4.86729 0.715449 0.390064 0.57964 0
-1.03345 2.68394 1.27998 3.01599 -0.799487 0.852573 0.85279 0.518741 -0.0604777 0
0.869861 -2.05207 0.50919 -0.707586 3.98639 -0.256799 -0.899563 -0.0647145 -0.431969 0
0.623061 -4.0816 1.58065 2.45264 1.67623 1.79043 -0.399509 0.874043 0.276482 0
-4.13187 -4.94818 2.82769 -2.85341 4.26769 -4.40803 -0.495647 -0.572127 0.653456 1
-0.268096 -2.04143 2.38162 3.91786 4.23061 4.09973 0.460199 0.631598 -0.62394 0
-2.91247 -0.260779 -0.31893 3.35066 3.97771 0.0639005 0.536049 0.60608 0.587638 0
-1.03512 -2.3711 -3.51296 2.75716 2.70618 2.71451 0.82551 -0.492487 -0.275662 1
3.29492 2.42002 1.47096 -3.19592 2.80221 -2.27865 0.718132 0.420067 -0.554825 1
3.41116 -0.750675 -4.22745 -0.696468 4.4481 1.33542 -0.223088 0.542292 0.810032 0
-4.58397 3.28705 -2.53208 3.61429 -4.06 -2.71399 0.449528 0.630346 -0.632921 1
2.50104 0.119741 3.69014 -2.88397 -0.825423 4.98299 -0.324006 -0.918621 -0.226176 0
-1.1291 -2.96074 -4.03123 4.65837 3.99207 3.23579 0.695676 -0.182248 0.694853 0
-0.848996 -0.414759 2.24963 1.67519 1.0336 0.927056 -0.674339 0.325198 0.662958 1
3.96096 -3.69822 1.25461 -2.63167 -1.7167 1.77832 -0.790033 0.592085 -0.15901 0
0.987797 2.0385 -3.54007 3.79646 -4.26288 1.90967 0.493031 -0.600419 -0.629617 0
2.1546 4.58215 2.85623 -2.84553 -3.04771 2.40477 0.405851 0.527738 -0.746175 1
-2.29299 -0.798018 -2.81376 -4.49508 3.35845 1.76851 -0.226763 0.717248 0.658889 0
-4.82483 2.25235 -3.90479 -3.97743 0.381747 -0.871638 -0.950508 -0.129286 0.282524 0
1.31842 -1.701 -2.57522 2.68851 0.446403 -1.24231 -0.673125 0.391477 -0.627414 1
3.3848 -0.296699 -3.15406 3.53798 -1.3165 -1.61548 0.656512 -0.461075 0.596993 0
3.70376 3.97892 2.03332 0.544434 -3.18019 -0.87185 0.828617 -0.548135 0.113762 0
-3.59152 -2.64673 4.7199 3.223 3.0156 -2.62254 0.259503 0.932576 -0.25092 0
-0.122878 2.55131 -4.6134 2.29884 -1.44747 4.78602 -0.351172 0.701482 -0.620162 1
-2.12149 -3.49629 1.77584 0.917144 -4.77831 4.06707 0.122177 0.590769 0.797537 0
0.821171 -4.69621 -2.88658 -4.31736 -3.44941 1.41647 -0.537156 0.303781 -0.78688 1
2.5695 -4.65029 -2.89966 2.70594 -2.24652 -4.34773 -0.528466 -0.715659 -0.456679 1
1.97825 1.22282 4.67253 0.160091 -3.45569 -1.53409 0.674176 0.700682 0.233518 1
2.36131 -0.411592 3.07667 -4.87538 -1.7216 -3.38203 0.812087 0.572822 -0.111308 1
0.756523 0.670599 0.634894 -3.88825 2.28453 4.87786 -0.407314 -0.896403 0.174803 0
-3.51507 0.851817 0.449863 -1.54811 0.254564 2.25622 0.652278 -0.744933 0.140029 0
-0.908572 0.0796747 2.57572 1.93285 -3.37467 -0.367905 -0.54602 0.320617 -0.773994 1
2.4343 4.47031 -2.49274 -1.67361 -2.11291 3.20092 -0.200729 0.88855 0.412537 1
-4.40954 -0.685691 -0.586106 0.180109 1.44286 -1.16847 0.448914 0.565339 -0.692003 0
0.0229807 -1.3298 0.133199 3.13234 -0.844105 -3.76277 -0.630644 0.0665952 -0.77321 0
0.496823 1.32031 2.32887 0.120914 2.06819 0.107817 0.364514 0.844529 0.392301 1
1.30165 -1.178 4.46474 -1.9586 -0.11257 -3.15643 0.787074 0.45101 0.420837 1
-3.20762 3.00511 -0.0973997 -4.76526 -2.65989 -0.501735 -0.396585 0.915463 0.0681775 1
-3.12364 1.74611 -0.412819 3.20933 -1.42838 0.967369 0.604483 -0.785142 -0.134732 0
3.56061 4.24011 -3.61312 4.74908 -4.77749 3.20136 -0.776153 0.456889 -0.434557 1
-4.87636 2.82175 3.29046 -4.82772 1.05344 2.97382 -0.961112 0.258824 0.0963064 1
-1.79381 0.770406 -1.88012 2.3563 3.14288 1.51622 -0.775252 0.390648 0.496365 1
-4.96781 -1.83822 2.54228 3.83811 0.693987 -3.95902 -0.640332 0.287062 -0.71244 1
-1.23038 -4.11324 3.78211 -1.10243 3.03795 0.936695 -0.79577 0.54242 0.269316 0
4.61583 0.91894 4.80936 -2.49303 3.63762 -1.68718 0.734802 -0.676125 -0.0540488 1
-4.28019 -4.6025 2.14764 -4.58694 -3.14123 2.90158 -0.693152 0.41205 -0.5914 0
-2.26583 -1.55603 1.51416 4.80141 -4.77273 -1.82988 -0.661114 0.384588 -0.64422 1
2.86237 -4.38253 4.28902 -1.15388 1.5124 -2.1151 -0.519413 0.514804 -0.682046 0
-2.17827 -4.75708 0.335292 4.67667 4.34847 -0.162769 -0.363738 0.908612 0.205229 0
-3.08157 -4.93444 3.69281 0.100742 -2.7423 -1.88033 0.102701 -0.656857 0.746988 1
1.44666 -3.16943 -3.08105 -2.20525 -0.0507054 3.93645 -0.629635 -0.295142 -0.718645 1
-4.56842 -4.17651 1.93228 -2.03185 -2.55977 -1.39481 -0.739092 -0.575043 0.350812 1
4.18743 -2.10721 3.6668 1.6245 2.47109 -1.79256 0.0306739 0.827634 0.560429 0
-1.92475 3.09086 2.95014 -3.9986 -1.77093 0.779927 -0.536185 0.334582 -0.774959 0
-1.77186 0.158757 -0.666379 1.12364 4.83912 0.43225 0.0391874 0.697992 -0.715033 0
-3.08694 1.27369 1.43222 -0.56439 -3.28319 -2.14811 -0.181105 -0.628083 0.756778 1
2.56102 -3.04084 3.72446 3.24259 3.68794 3.01325 0.485186 0.333639 -0.808257 0
-3.90854 3.05742 -4.15761 -1.76405 2.44114 -0.827486 0.0425717 0.023819 0.998809 0
-0.469585 -3.24213 3.98505 -0.453707 -0.910957 -2.31992 -0.0274754 0.710355 0.703307 1
0.157914 1.85043 -3.25806 -0.995869 0.966205 4.06563 -0.275154 0.857808 0.434115 0
3.29065 4.62922 -1.19684 -3.95592 -3.67251 -4.0045 0.564138 0.592585 0.574972 1
-3.60163 -1.48947 -1.19899 -4.75658 -4.03134 -2.56643 0.444059 0.424439 -0.78909 1
4.31076 0.795758 -4.11193 4.95334 0.89635 0.876474 -0.457578 -0.875777 0.153746 0
-2.61539 -2.43248 -1.24129 -2.25345 4.82881 3.10435 0.235702 -0.757554 -0.608733 1
0.35274 1.55652 0.787859 3.79341 4.1961 -1.48901 0.549505 -0.512778 -0.659624 0
-4.03993 4.56571 -0.16573 -0.66364 -3.7693 0.976749 -0.681083 -0.19241 -0.706473 1
1.73604 -0.784094 1.61178 0.699281 -0.265919 -2.42163 -0.536368 -0.628495 0.563297 1
1.00612 1.33641 -3.45622 -4.68981 -4.02836 -0.144228 0.788565 0.538852 -0.296316 1
-2.34084 4.31294 -0.868429 3.00032 -0.929196 -2.54542 0.244201 0.22835 -0.942455 0
0.16441 1.80462 3.11845 0.513407 1.58865 3.23268 -0.73708 0.614552 -0.281139 1
0.723033 0.596223 -3.72222 -2.36017 1.0756 2.01768 -0.241825 -0.792638 0.559684 0
-4.52748 -3.76775 -4.48823 -1.54354 2.93975 -3.352 -0.562877 0.695159 -0.447127 0
-2.37473 0.0813723 -3.69964 -3.89718 -2.15469 -2.00763 0.805309 -0.592584 0.0179263 0
1.87589 4.06449 3.2239 1.64316 -2.73864 -1.91484 0.402932 -0.610046 -0.682269 0
-4.62508 -4.17651 -3.89267 -2.6588 -3.1423 -3.7284 -0.386982 0.661651 0.642233 0
-2.98913 -0.213184 -1.31375 -4.56461 1.89656 1.6524 -0.789089 -0.441332 0.427276 0
2.14594 -2.64401 3.8286 3.76697 -4.36938 -3.15787 0.148537 -0.943402 0.296531 1
3.85486 4.33295 4.36927 0.40083 -1.78078 -1.40309 -0.511079 0.705085 -0.491583 0
-3.39017 4.85789 2.19937 4.38363 1.60614 1.43997 -0.518116 0.466059 -0.717179 1
-3.68478 -0.0353236 -0.571788 -1.17757 -1.59167 -0.0221095 0.77194 0.4409 -0.457948 0
-4.98699 2.7319 4.35549 -0.795566 0.0552869 3.66038 0.197433 0.807225 -0.556245 1
-0.268079 -1.19595 1.23929 2.66006 2.69784 4.39119 -0.749006 0.504568 -0.42942 1
4.08568 0.661277 1.62258 -3.58364 -4.40493 -1.97265 -0.91156 0.408242 -0.0489668 0
-4.35467 1.23197 2.52224 -0.0651541 1.9111 1.11334 0.143661 0.469974 0.870911 1
-1.93255 -4.7523 2.72596 -0.858181 4.61826 -0.33649 -0.284513 -0.612593 -0.737416 1
-3.14626 0.938707 3.35104 -4.46423 3.1746 0.795691 -0.360232 0.926111 -0.112031 0
-2.03224 -1.74166 -0.658758 0.107761 -1.9831 4.10829 -0.560892 -0.786088 0.25974 0
0.0317726 4.83965 4.42106 -4.97663 -0.0972795 4.01082 0.593112 0.73457 -0.329583 1
-4.41637 -4.52814 -4.75008 0.350115 -3.45568 4.02252 -0.398336 -0.37038 0.839135 0
4.6046 -4.08255 -1.33481 -0.531871 1.59514 -0.546701 0.0371467 0.982353 0.183312 0
1.87722 -1.2809 0.0457382 -4.55625 -0.803508 0.384911 0.674778 -0.587509 0.446663 1
1.41703 1.84991 0.802752 -4.39571 3.16211 -3.91306 -0.925094 0.0660807 0.373945 0
1.52982 2.43836 -1.25588 2.39727 -3.84766 1.70025 -0.542518 0.818637 0.188434 1
-1.37117 0.791255 -4.3886 3.13962 -3.24191 4.68059 0.135867 0.856026 -0.498757 1
4.91771 -0.192484 -4.51718 3.13381 -3.81906 1.99477 -0.518058 -0.855112 -0.0199745 0
-4.99994 -0.827929 -4.29409 -0.747846 4.72477 -3.94688 -0.397951 0.893825 0.20667 0
1.12437 3.0363 -4.67644 -2.33297 -0.960453 -2.72392 -0.372864 -0.923116 -0.0939695 0
0.867937 4.86112 1.45802 1.91272 -0.708519 -2.59003 0.776914 -0.394552 -0.490646 0
-0.2043 -1.46369 -4.78321 -2.79361 1.87346 -3.66443 0.156414 -0.841785 -0.516656 1
2.19747 2.17839 1.82496 -1.0094 -2.40501 2.8457 -0.44822 -0.509402 0.734581 0
3.33942 -3.43884 -3.81647 1.19122 -2.23233 -4.38759 0.935794 -0.3055 0.175953 1
-3.53557 -0.0722041 -1.4137 0.779058 0.208888 -2.30438 0.739884 -0.319357 0.592101 0
-2.75337 3.60072 -4.8799 4.50273 -2.43741 4.07256 -0.626259 0.654912 -0.422953 1
-4.83256 0.146675 -1.32444 -2.1907 -1.72501 -0.872953 0.787445 0.597349 0.152003 0
-3.90408 3.72381 4.35912 3.54533 0.157883 4.16494 0.256518 -0.680797 -0.686086 0
1.27707 2.0522 -3.56149 -2.38822 3.66559 3.70284 0.0569771 -0.972279 0.226776 1
4.33215 -1.32836 4.58849 -2.03889 4.62295 0.499472 -0.178539 0.314896 0.932182 1
2.71319 -3.28537 -3.12865 -1.65614 0.484818 0.570624 0.485556 -0.0363647 -0.873449 1
3.31783 -0.14974 4.72064 -4.70764 -3.62675 2.84384 -0.338097 0.881403 -0.329877 0
-1.67558 1.47369 2.30151 -3.64651 -2.60211 -1.53939 -0.753275 -0.290571 0.590038 0
0.226532 -3.05348 4.08562 -2.95907 0.153331 -2.67864 0.00271116 -0.807655 -0.589649 0
0.274203 0.0244112 4.81169 -1.73155 -1.35371 -1.46614 -0.189203 0.443055 -0.876302 0
3.70526 -0.037859 4.94794 -0.542311 3.23612 4.32875 0.373516 -0.413489 -0.830369 1
3.66342 4.587 -3.49767 3.16441 4.36504 1.11468 -0.603724 0.583208 0.543494 0
-2.27121 -3.27794 -1.17887 0.437158 -2.11635 -2.15518 -0.53689 -0.742501 -0.400552 1
1.14815 -3.90961 -4.6834 -3.41637 -3.48923 -3.03109 -0.696754 0.291841 0.655258 0
1.89994 -0.471119 0.948981 -3.57744 -1.94107 2.29952 0.227371 -0.683818 0.693323 0
-3.68053 1.00412 4.68442 4.27167 -3.71962 1.28793 0.171963 -0.756089 0.631473 0
1.00775 -4.61171 1.84658 -3.3273 3.06936 -2.67132 -0.580897 -0.737978 -0.343434 1
1.83257 3.12857 -0.152131 0.291193 -3.58658 -0.0728025 -0.546832 -0.132484 0.826694 0
3.10747 -2.51246 -0.292885 1.52955 -2.10498 -2.80848 -0.415543 -0.623527 -0.662221 0
-4.92094 -1.31582 -4.08647 -3.01649 3.61796 3.75103 -0.784936 -0.0150786 0.619394 0
-3.9235 4.47171 0.194233 -3.0091 0.66859 -2.18714 0.531921 0.610486 -0.586828 1
3.27823 -4.93108 1.1052 3.53626 -4.80374 -2.75271 0.323515 0.324279 0.888921 1
-2.64259 3.65903 -4.96141 3.61275 -2.51302 -4.05798 0.869118 0.170607 -0.46425 0
-4.94511 2.54091 -0.142646 3.69849 -3.33648 -2.39503 0.821385 0.562817 0.0925433 0
1.19307 1.90166 0.0649672 -2.28852 -4.73685 1.89595 0.832964 -0.133397 -0.537007 1
-0.784975 -3.62354 -2.65685 -1.58926 -3.9776 -3.07991 -0.195835 0.91543 -0.35162 1
-1.10355 1.32557 -1.89258 -0.773997 -0.257082 2.57867 -0.938823 0.144447 0.312644 0
1.03059 -0.344438 -0.671764 4.72228 -0.248425 1.15903 0.033651 -0.791488 -0.610258 1
4.90922 4.78818 -0.689309 1.69812 3.17021 -0.744739 -0.541575 -0.834923 0.0979799 0
-3.05258 4.38371 2.82289 -1.9782 -3.54507 -4.69706 -0.0424314 -0.586085 0.809138 1
-0.551242 2.64767 4.88146 1.56879 1.59586 -4.71877 -0.440358 -0.68321 -0.582502 0
-0.559869 0.275447 2.78219 1.51788 -3.45859 0.278249 0.672317 -0.71582 0.188656 0
2.07396 1.02232 4.12572 -0.121449 -4.36426 -3.00436 0.827547 0.481445 -0.288751 1
4.00591 -2.47968 -0.909292 2.66164 -3.25146 -2.63957 0.110965 0.591681 0.798499 1
-4.58795 -0.137121 0.488479 0.934977 2.82447 0.325628 -0.652021 -0.481605 0.585599 1
-0.930233 0.107043 2.18541 -4.31513 -4.88989 -4.41452 0.629475 -0.514524 -0.582259 0
-4.80879 -2.59206 -1.16336 3.20726 -0.813161 -1.384 0.0914781 -0.386323 0.917816 1
1.45655 3.9657 -1.66217 -2.74133 -1.30379 0.304558 -0.643257 0.586638 -0.492013 1
-2.73691 1.07855 -2.78389 -0.83258 -3.16778 0.677505 0.632369 0.300635 -0.713952 1
-2.54296 -4.61311 1.9626 -0.371782 3.31407 0.393486 0.426228 0.863108 0.270877 0
0.704745 -1.65106 4.0851 0.919939 4.63741 4.65072 -0.00638099 -0.95848 0.285089 1
-2.098 2.4905 0.53802 -0.577853 -0.0250239 -1.12751 -0.722528 0.62753 -0.290102 1
4.83366 2.53316 -1.81754 -4.94355 -4.05932 -0.713635 -0.0711692 -0.126972 0.98935 0
1.72995 -1.54985 -0.608768 -1.87011 0.51991 -4.80094 -0.0146012 0.950188 -0.311336 0
0.553557 -2.0503 0.394356 -1.66023 -1.25969 3.63531 0.694802 0.521549 -0.495215 1
-4.85507 -2.25947 -3.89851 1.19807 3.70389 0.799887 0.627937 0.466032 -0.623305 0
-2.92 2.57851 4.78863 4.95458 -3.2781 3.49359 0.771111 -0.434361 0.46553 0
0.493731 0.556941 -2.68932 0.557327 -4.10659 -1.85959 0.804072 -0.189096 -0.563658 0
-4.00496 -0.0525975 -3.66871 2.55422 0.752814 -1.37319 -0.870394 0.40288 -0.283024 1
0.528008 4.24886 -0.569153 1.6649 2.2093 4.24063 0.483653 -0.806909 0.339082 0
-3.67687 3.58579 -2.41247 -0.385405 -3.79785 2.90095 -0.891424 0.00856075 0.453089 1
-4.83026 1.08319 0.117278 -3.13236 -0.660625 -2.19496 0.41505 0.636509 0.650068 1
-4.27347 -0.056778 -0.677102 4.45025 1.25986 -4.19639 -0.135894 0.406744 -0.903378 0
-4.20969 -0.980199 0.0909753 -2.52759 -1.32817 -2.31697 -0.639704 0.72653 -0.250864 1
-4.25807 -4.04024 -0.176952 -1.10924 -2.3955 4.55034 0.832188 0.189305 -0.521178 0
-0.458934 0.749065 -3.02727 -4.98646 -1.3295 -3.30049 -0.797068 -0.307843 0.519534 0
4.62945 1.92031 -0.35212 -3.23115 1.46646 -2.79577 0.563903 0.503764 0.654397 1
0.678264 -4.89732 -2.53852 0.125511 -2.35258 -0.419013 -0.74281 0.66357 -0.0889301 0
0.273773 4.13758 -1.28553 4.75788 -4.66265 1.30692 0.0901183 -0.317833 -0.943854 0
4.61115 -0.506062 3.47888 -4.81444 3.58274 -0.438295 -0.698339 0.491265 0.520558 0
-4.91871 -1.46575 -3.9532 2.44073 1.57449 1.26861 0.332064 -0.81793 0.469812 0
-3.57098 -4.58045 -0.147235 4.03034 -0.0824637 2.53584 0.740149 0.589577 -0.323385 0
-3.6186 0.717343 -3.89 2.75146 -0.496058 2.18894 0.42555 0.477754 0.768543 0
3.13283 3.2173 -0.891699 -0.987037 0.243887 3.42835 0.914106 -0.225523 0.336972 1
4.59406 -2.28568 2.39529 -0.744979 1.86644 2.41339 -0.793801 0.589875 -0.148082 0
1.84561 3.90206 -3.86542 3.66201 -2.1233 -0.879522 0.448419 0.560732 -0.69606 1
1.13166 -4.80983 -0.785673 -3.74962 -1.75068 -0.178006 -0.611873 -0.780724 0.126815 0
-1.66576 2.90702 -0.177729 -4.98013 -4.49902 3.55004 0.689506 0.359182 -0.628944 1
-1.38875 -0.715856 3.22004 -4.00667 2.9759 -0.731661 -0.665797 -0.624131 -0.408871 0
-4.18586 -4.86786 0.689898 -2.58634 -1.19549 -1.72911 -0.551025 0.797749 0.244885 0
1.1109 -4.40346 -0.663676 3.8569 3.66953 0.919478 -0.717813 0.505451 0.478814 0
-3.57059 -4.13956 2.95447 -4.22514 -2.8443 -0.934304 0.310047 0.782545 -0.539902 0
0.544646 4.70521 -2.68491 2.60733 0.627275 3.85974 -0.664514 -0.672431 0.325972 0
-3.96249 -0.00559044 -0.832392 4.26089 -0.603662 2.4424 0.501675 -0.695726 0.51409 0
4.58102 -4.52939 3.27872 0.61559 -3.23017 3.1604 0.0692093 -0.744544 -0.663976 1
0.789837 -3.53836 -2.32305 -4.20574 1.40155 4.78321 0.432149 -0.586063 0.685403 1
-0.86068 0.097527 3.69311 2.79604 -3.63998 4.56157 -0.540648 0.702697 0.462511 1
4.10738 -2.37198 0.543085 -4.06678 -0.881423 2.69287 0.937138 -0.298298 -0.181084 1
1.64819 2.91614 1.4811 0.500675 -2.04436 1.21247 -0.45225 0.316863 0.833707 1
0.973921 -4.9104 2.49331 -3.14589 3.24905 -1.29986 0.767894 0.315769 -0.557341 0
2.1972 -1.94192 1.14584 -0.3471 2.72741 -1.73304 -0.492112 -0.606248 -0.624731 0
-2.22985 3.5472 3.20126 1.83691 3.71225 2.88057 -0.574415 0.529793 0.623993 1
2.71757 0.692135 2.78519 4.78456 4.82625 4.2033 0.354946 0.567293 0.743096 0
4.10694 -0.811322 3.64248 -0.0426426 1.29886 -4.67714 0.160744 -0.567389 0.807608 1
-4.98422 2.80092 0.0364609 1.29726 -2.11571 0.25929 0.498946 -0.70712 0.501032 0
1.66895 0.426112 -0.88175 4.48683 -1.41759 0.0159807 0.581914 -0.812075 0.0437164 0
-0.220782 4.49752 4.24671 -4.51798 0.293061 -0.680651 -0.46828 0.439555 -0.766489 0
2.88174 2.5973 -3.65666 1.84132 -0.478262 3.46757 -0.131254 -0.480007 -0.86739 1
4.19091 3.03589 0.712384 4.92865 0.728561 -3.36582 0.331559 -0.244987 -0.911071 0
-2.91551 -0.617773 -1.58331 1.40295 3.1333 -0.915504 -0.429764 -0.893883 -0.127578 1
-1.96346 -1.36383 -2.73406 -1.60722 -3.12617 0.128927 0.575369 0.654609 -0.490344 1
-1.15042 -0.437981 0.351613 -3.33634 -4.16453 4.85547 -0.419171 -0.574199 -0.703271 1
2.50574 0.577884 3.88116 4.00944 -2.16255 3.9988 0.500636 -0.529852 -0.684558 0
3.31387 3.10724 3.11853 4.2924 -0.683388 -3.8175 -0.617827 0.582996 0.527641 1
0.808811 0.881824 -1.62844 1.82191 -3.05219 3.67864 0.979944 -0.104235 0.16984 0
0.694533 1.93316 -3.20212 -2.2711 -0.61 3.01359 -0.74577 -0.566676 -0.350294 0
-3.44177 -1.64654 2.93677 -3.65545 1.64434 4.15491 -0.35853 -0.733845 0.576999 1
-1.16283 0.427729 4.5285 -1.20472 4.22971 -3.65239 0.128879 -0.822566 0.553873 1
4.6574 3.66185 4.85891 3.65555 -3.29543 -3.07392 0.719895 -0.64134 -0.265395 0
0.469305 -4.15003 4.18075 4.03183 -2.19111 -2.39437 -0.486888 -0.530071 0.694237 1
-1.14093 -2.80128 -4.53697 -4.65001 2.7224 4.32158 -0.506689 0.106744 -0.855495 1
-0.370099 1.82779 0.988388 -2.89565 0.582323 -0.246886 -0.17667 0.363644 0.914632 1
-2.36997 0.671008 4.11083 -4.40989 2.65875 -2.0597 -0.746743 0.0788257 0.660425 1
0.520792 2.92024 3.38745 3.76711 -2.31667 2.95577 0.605265 -0.366635 0.706565 0
3.8867 1.01171 -0.477717 0.0674767 3.6824 3.8272 0.51449 -0.409716 0.753281 0
-3.23707 2.63561 2.70617 -2.40424 -1.47334 4.63608 0.828751 0.450502 0.331992 1
0.412705 1.02341 3.32903 -1.13233 0.0267072 -3.65919 -0.472989 -0.829912 -0.295851 0
-3.60032 4.85848 4.89527 0.660654 3.19157 -0.571596 0.580589 0.632094 0.5132 1
4.9649 -1.74719 -2.27475 -3.24542 -4.04018 -4.94342 0.501621 -0.638588 0.583594 1
1.98223 2.23907 1.69704 -0.545128 4.91102 -4.72155 0.62695 -0.70064 -0.340642 1
3.88348 -4.1534 -4.0914 4.7805 -2.01138 -0.333314 -0.386624 -0.00526977 -0.922222 1
-0.982521 2.29006 1.73037 1.2528 4.43989 -3.22399 -0.479072 0.650126 -0.589768 0
-3.0374 2.78675 0.269101 -2.62193 4.3641 0.349519 -0.600325 -0.639225 0.480626 1
-4.55523 0.716097 0.00956249 -0.562458 -0.517675 0.190366 0.20958 -0.773162 -0.598579 0
-1.22082 0.230188 0.949618 0.376964 -1.26969 1.68077 0.0388548 0.42627 -0.903761 1
4.0501 3.98846 3.83197 -3.89872 -1.56327 0.070116 0.076732 -0.727634 0.681661 0
-2.9272 4.94419 -2.11549 -2.00446 4.86987 2.60099 -0.578957 0.782664 0.228571 0
4.39316 2.68248 -2.8784 4.15878 4.49778 -4.12539 0.396997 -0.138008 -0.907385 0
3.42133 -0.493043 -2.50613 -2.32062 0.0730457 2.25026 0.55325 -0.0860773 -0.828556 1
4.49451 4.99937 3.32153 -0.245084 0.863911 -0.80378 -0.89851 0.389889 0.201661 0
-1.96808 1.84852 1.31325 3.59661 2.01545 2.49134 -0.584423 0.642372 -0.49579 1
-1.49632 1.57068 -2.24123 -3.74726 -4.77323 1.32773 -0.759685 0.647915 -0.055538 1
-3.50147 -1.31216 -2.03673 3.14282 2.84127 0.743312 0.834817 -0.309531 0.455271 0
1.59755 -0.366419 -2.43532 3.59551 -4.30335 0.076498 0.876751 -0.477249 -0.0595042 0
-2.7144 -1.41326 0.395584 0.957413 4.92717 -0.914802 -0.704547 0.673309 0.224204 0
-3.56702 2.05012 -4.37782 3.01343 2.98644 -0.945262 0.279568 -0.45005 -0.848114 1
0.702419 -4.02864 3.82793 3.90506 0.216214 -4.4398 0.0441419 0.653255 0.75585 1
2.55784 3.31187 -4.14748 0.0802517 4.4785 -0.428721 -0.205571 -0.93084 -0.302122 1
4.54903 -0.718477 4.0328 -0.489898 -2.3199 -4.53277 -0.00627038 -0.722647 -0.691189 0
2.85078 -3.25383 2.69987 -2.55599 0.212259 3.07968 0.219576 -0.880518 0.420089 1
2.49962 -4.96088 -1.56155 4.0895 0.157916 1.12752 0.29886 0.81868 0.490353 0
2.28923 -3.71558 -0.255472 -3.19117 -4.85531 -4.83339 -0.55959 0.0547033 -0.826962 0
4.3866 -4.14087 -1.61267 -3.1487 -0.12216 -4.48385 0.517411 -0.850221 -0.0970091 1
-3.30291 -0.0358958 -1.58268 -4.67069 4.80367 -2.07147 -0.608287 0.790848 -0.0674243 0
3.52547 -1.79309 0.350342 2.65198 -1.501 2.61727 0.308384 0.202885 0.929375 0
4.90208 -1.80491 -1.08477 0.202932 -2.51561 -0.708188 -0.736942 0.644322 0.204367 0
-3.08385 1.32843 -2.22935 -3.26506 4.42594 -0.222263 0.615618 0.487856 0.618879 0
0.803713 1.06211 2.05099 0.628844 -3.57347 -1.98926 0.846771 -0.497747 -0.187687 0
1.47846 -1.98956 3.60612 4.95526 2.63967 -1.50695 0.835486 0.173991 0.521238 0
1.75007 -3.07362 2.83852 -0.181027 2.50192 3.43681 0.771827 0.470708 -0.427454 0
-4.37495 -3.58746 0.974975 4.47706 0.309661 0.151146 0.710639 0.182608 -0.679446 0
3.12413 -2.81174 -4.55601 -1.02875 2.14071 -2.79633 -0.262153 0.96457 -0.0296701 0
-0.941062 -2.32111 0.0742359 -3.27998 -3.71353 3.56972 0.0232474 0.572291 0.819721 0
2.09069 3.9812 4.89939 -3.1155 4.91622 -1.69781 -0.464173 0.764165 -0.447878 0
-3.18165 3.95055 3.96049 -1.32808 -3.17435 -3.96282 -0.810394 0.561268 -0.168045 1
4.62926 0.769003 2.30861 -1.16612 2.10977 3.92944 0.835514 -0.510524 0.20318 1
2.68317 -2.2608 2.58272 0.732946 -1.12687 -3.96746 -0.876155 -0.399035 -0.270413 0
-0.878283 -4.8992 -3.73742 -3.89841 -3.4601 -1.30383 -0.564727 0.806581 -0.174671 0
3.74191 -3.31447 1.86688 -3.99488 -3.02814 0.250311 -0.659364 -0.64148 -0.392099 0
2.03405 -0.208721 -4.52967 2.6675 -3.26515 -3.68735 0.650608 -0.239882 0.720532 0
1.51179 -1.26248 -2.93873 -3.97347 -4.99756 -1.41816 0.061051 -0.880897 -0.469355 0
-2.88779 -1.23894 -1.19243 -0.717117 -2.10393 4.94365 0.037311 0.673933 -0.737849 1
1.08648 -4.29755 -4.88513 4.34867 -0.415044 0.474777 -0.138906 0.890175 -0.433928 0
-2.00493 -3.15535 3.56975 -2.94692 3.23419 3.0757 -0.691998 -0.431527 0.578726 1
-1.74734 -2.78644 -4.27815 3.31034 -1.64555 2.48637 0.640387 0.434959 -0.63302 1
-4.1397 2.02986 -4.92818 0.940146 4.00553 4.08901 -0.970058 -0.122684 0.209609 1
-2.09199 -0.389843 2.86545 4.35537 1.39849 -0.0189562 0.014398 0.969794 0.243498 0
-2.0712 -1.34421 -4.30245 4.39054 3.93969 -0.578691 -0.290627 -0.898115 0.330039 1
4.28968 0.497072 -4.99908 2.73447 2.71272 -3.34547 0.623284 -0.510091 -0.592727 1
1.29866 -0.249819 -3.39384 1.58178 -2.20851 -3.4475 0.682714 -0.0518937 0.728841 0
-0.017067 0.164216 -1.7445 3.54029 0.515472 3.15288 0.664442 -0.505892 0.550081 0
-0.513506 -3.52356 -4.40016 0.960361 0.379661 -0.492034 -0.921881 -0.0202683 0.386942 0
0.967338 -1.04534 4.8735 -0.832234 -4.24471 -1.96253 0.583619 0.502613 0.637785 1
1.22166 1.04369 3.44506 -2.41156 0.732289 2.43236 0.774778 -0.607467 -0.175224 1
-2.42739 -0.821826 0.783553 -2.94585 3.18957 2.93528 -0.852609 -0.483519 -0.19816 1
4.91243 -4.68288 -0.119872 -3.88752 0.400197 3.1737 0.0280971 -0.832768 0.552909 1
4.05504 -2.55643 -1.29128 -1.18363 -1.17756 3.11173 0.733019 -0.464518 -0.496896 1
4.79397 2.23388 4.31441 0.217202 -0.171939 2.22644 0.896691 0.321392 0.30439 1
-4.07903 -3.48927 -4.27402 4.9159 3.39055 3.80278 -0.657386 0.12236 0.743554 0
-4.02494 2.03225 2.82394 3.46983 -2.91108 2.86054 -0.555361 0.720794 -0.414764 1
0.468519 4.47495 -4.93042 2.02375 -3.23901 4.39441 -0.571757 -0.677158 0.463196 0
-0.645843 -3.59794 2.26908 -0.262715 -4.12449 -4.67449 0.539223 0.22083 0.812695 1
4.78365 4.82149 -4.12597 4.08002 -1.7883 -1.20199 -0.620178 0.675553 0.398758 1
-2.78416 3.81729 0.552973 -2.18094 -0.89559 -3.42482 -0.668057 -0.0640719 0.741347 1
-1.98228 -2.74421 1.38973 3.01883 -3.47337 3.74764 -0.20579 -0.801826 -0.561004 1
4.47178 -3.77197 -0.140642 -0.953844 -0.987145 -2.85066 -0.393193 -0.793161 -0.465074 0
3.02023 -0.119413 2.37757 -3.20746 -2.28793 0.980408 -0.0145248 0.80246 0.596529 1
-1.0736 -3.80384 2.72304 -3.53565 -1.32406 -4.02519 0.657088 -0.533389 -0.532664 0
-0.911866 1.25418 3.50635 -4.1298 2.7968 4.26625 0.116201 0.977374 0.176741 0
-3.75062 2.16971 1.19011 -3.33204 0.645366 3.28795 -0.828061 0.268148 -0.492354 1
-3.45731 -2.63899 -2.77281 1.67558 1.40725 2.99586 0.697863 0.6201 0.358417 0
-4.44476 2.22678 -2.91532 1.54578 -2.6143 -3.06019 0.546537 -0.837378 -0.00973621 0
2.95794 -0.673353 -4.45652 4.07555 0.059742 4.06617 -0.58862 0.74007 -0.325305 1
2.99383 -3.76075 -0.328658 0.942936 -4.64979 -2.7176 0.76779 -0.0347398 -0.639759 1
1.57923 2.46216 -3.59062 -0.092382 0.447427 2.03311 -0.00604431 0.0453358 -0.998954 1
-1.87328 0.567509 -0.644341 -1.23394 -4.12217 -4.19731 0.664354 -0.710958 0.230591 0
-1.71287 -2.93935 -4.48343 -1.34571 3.90722 1.73403 -0.329203 -0.786529 0.522492 1
2.03097 -2.09722 -4.20909 -3.51128 -1.34965 4.45818 0.704978 0.189279 -0.683506 1
-1.54769 -4.11921 -2.21837 -4.2824 -0.197196 -2.01643 0.554849 0.613319 -0.562123 0
1.93267 4.69042 1.9096 0.035655 -2.70125 2.37385 0.259394 0.934033 -0.245553 1
-2.41337 1.12439 3.30345 -1.06579 0.0862103 -1.54102 -0.411397 -0.658983 -0.629678 0
-3.97592 -4.65068 2.21309 -0.158891 2.35437 -3.34608 0.668796 -0.738388 -0.0865718 1
0.268589 -4.74027 -0.256128 -1.08782 3.04986 4.17344 -0.595749 0.103521 -0.796472 1
0.350119 1.36433 0.712285 -3.49791 2.23339 4.44947 -0.323845 0.840033 0.43528 0
-1.28922 -2.32649 4.29034 -2.50842 -4.44532 2.13575 0.845923 0.480958 0.230419 1
1.87145 -1.27852 3.08733 4.7614 -4.04208 3.4745 0.293517 -0.184118 0.938056 0
-0.293058 -4.44995 -1.50975 -3.59366 -0.487511 4.56831 -0.950102 -0.131686 0.282779 0
-1.64585 1.63256 -0.384861 1.44425 -1.19584 -1.766 0.182924 0.401661 0.897334 1
-1.22922 -1.14364 1.78133 -4.45562 3.92191 0.433981 0.583068 -0.227458 0.779932 1
-1.79905 -0.932456 3.76861 3.15556 -4.48187 3.29598 -0.180803 0.623546 -0.760593 1
3.67225 2.87759 -2.83972 -1.00279 -3.75385 -0.52679 -0.381139 -0.408778 -0.829237 0
3.42897 -0.777448 -2.1432 1.84601 -4.69496 0.706569 -0.392759 0.437114 -0.809118 1
-0.186466 4.89081 -0.690493 0.912088 4.00731 -3.93562 -0.761104 0.639231 -0.110017 1
0.440714 -2.10029 3.60552 3.6166 1.70724 -2.91059 0.449242 -0.687109 0.571019 1
3.0862 -4.13202 3.39774 -3.19918 4.99059 -0.185935 0.0268571 0.930811 0.364513 0
3.47524 -0.598353 -4.15783 -2.66832 2.37802 -1.62954 -0.586205 -0.658029 0.472612 0
1.875 2.35925 -2.15908 0.567744 -3.13378 3.09852 -0.178809 -0.855936 0.485182 0
-2.51965 4.5658 0.842183 2.12449 2.56453 2.1921 0.75255 0.282859 -0.594693 0
-4.16893 2.54274 1.08303 -4.28224 -3.63564 2.85693 0.556179 0.626526 -0.546013 1
-0.503721 -3.29092 -2.68836 0.909571 2.62218 3.96041 0.590113 0.0392023 -0.806369 1
1.41758 -1.50703 -4.95338 2.82165 -4.65623 -4.67035 0.215062 0.558383 0.801222 1
0.206222 1.30304 -2.97547 -2.4498 0.600795 -4.03043 0.60904 0.480497 -0.631025 1
-0.0442038 -1.92063 -4.35128 1.55088 -4.56467 -2.93833 -0.339344 -0.424189 -0.839588 1
2.69475 -3.11402 3.19551 -1.80987 -1.0586 0.671681 -0.846737 -0.42516 0.319807 0
-0.225904 -0.20469 -0.12734 4.67335 2.81637 3.22263 0.111616 -0.0653802 0.991598 0
-4.9844 3.67674 -4.42294 0.244659 0.692583 -2.87674 -0.639553 -0.694913 0.328737 1
-2.40087 -0.665937 -1.65947 4.34654 -0.700045 -1.42742 -0.150646 -0.893284 0.423496 1
-4.884 4.93932 3.37924 -1.14795 -3.39151 4.66809 0.447386 -0.197741 -0.872207 0
2.55002 2.23612 -2.72968 4.77013 -1.42055 -1.86062 0.709161 -0.663812 0.237583 0
0.7365 -4.97526 1.68174 -3.75173 -2.95316 -1.63997 0.609414 0.0691936 0.789827 1
3.59159 -0.300851 -1.6059 -0.743471 -2.89824 3.8512 0.467949 -0.630166 0.619609 0
2.86563 2.42059 0.147701 0.877409 -2.56138 2.65172 0.694297 0.529008 -0.487957 1
0.659747 -2.76191 -4.14249 0.205986 -1.65882 -1.64406 -0.587011 0.0604239 0.807321 0
-3.25297 -2.755 2.62672 4.22878 1.18845 -2.67858 0.640155 -0.549986 0.536393 1
-3.07834 2.14535 4.35367 0.253214 1.12871 2.2765 0.308254 0.701103 -0.642989 0
-0.0772004 -1.89029 -4.21621 0.0120234 3.79009 2.49085 0.059577 0.124757 0.990397 0
-4.73646 -1.38006 -3.96688 3.23934 1.68699 4.39113 0.58507 0.563048 0.58367 0
1.91885 4.37865 0.854072 3.28803 0.660635 0.103568 -0.0467581 0.925209 0.376565 1
-0.00911427 -4.84501 -2.58255 -3.40855 -0.054347 -3.18439 -0.47169 -0.297675 0.829999 1
-0.0534611 4.33212 -2.4517 -1.33511 4.44509 1.47822 0.971294 0.028687 0.236147 1
4.51753 0.422117 4.92238 -2.4426 1.57717 -3.93696 0.260504 -0.822962 -0.504847 0
4.52811 -0.559021 3.14627 -1.83243 -0.0917377 3.96917 0.148754 0.800883 0.580051 1
-0.914081 1.00488 3.95555 -1.04664 -2.76201 -2.95667 0.185405 0.959101 -0.213894 1
1.40654 0.478456 2.76138 -4.34507 0.249638 -0.247501 -0.296332 0.733789 0.611344 1
3.27623 0.486897 -4.56533 0.807323 3.70981 3.65346 0.664639 -0.693637 -0.27771 1
2.25796 1.53699 1.1984 -4.02855 -2.99542 -0.49759 0.581849 0.675285 0.453258 1
1.43738 -2.36381 0.0444837 1.07659 3.71161 -1.90018 -0.252459 -0.682678 0.685722 1
2.01563 -1.91396 1.76582 4.21579 3.78379 -3.31863 0.640204 -0.300547 0.706973 1
-0.0948734 -4.14411 1.13916 -0.552552 -2.7834 -4.54232 0.104993 0.809814 0.577215 1
-2.91864 4.27305 -2.17027 1.19438 -2.80471 -3.57844 0.240845 0.553764 0.797082 1
3.65834 -0.945817 -1.72255 2.37261 -4.09042 -4.2455 0.773552 0.131349 -0.619972 0
-1.5526 -4.23999 -4.57632 1.11527 0.435004 -4.55105 0.584159 -0.550533 0.596382 1
-0.967326 4.2571 3.02994 -4.39343 -4.39486 2.1542 -0.024187 -0.997526 -0.0660125 0
4.74732 4.35323 -1.3224 2.91851 1.23359 -1.80334 0.959876 0.0457073 0.276674 1
0.955966 -2.72976 1.57418 -2.82263 3.77683 -3.08599 0.154012 -0.988027 0.00909428 1
-2.69225 -0.831361 2.74702 -3.95482 -2.57595 1.30168 -0.899344 -0.0174083 0.436894 0
4.40115 -0.798215 3.69722 1.6892 -4.32964 0.206799 -0.568072 0.817441 0.0953091 1
0.895927 -2.54948 3.63881 -3.73962 -1.09381 -2.14917 -0.0246704 -0.836575 -0.547297 0
-3.45245 -3.41485 3.92495 -0.105191 4.37079 4.59656 0.731648 -0.597707 0.327778 1
-1.98487 3.73345 2.13029 4.01918 -4.2236 0.25619 0.865705 -0.492978 0.0867637 0
-2.82731 -2.1582 1.04527 1.48992 2.62816 1.33888 0.356929 -0.522373 0.774421 1
3.89153 -4.09271 -2.7848 0.533042 2.72449 4.87254 -0.593768 -0.767622 -0.241238 1
-3.65014 1.90197 -0.534188 2.2834 3.60994 2.14456 0.637828 0.342688 -0.68974 0
-1.63584 4.77827 1.3051 1.47729 -0.530048 -3.56105 -0.337932 -0.846716 -0.410944 0
1.46873 3.66047 -1.56342 3.76618 1.25149 4.92897 -0.696814 -0.667661 -0.262067 1
-1.76515 -4.67792 2.69979 -4.88251 4.23425 3.13525 0.81332 -0.577392 -0.0716117 1
0.461601 -1.68022 3.66444 3.34826 -2.29646 -1.87555 -0.231113 -0.145471 0.96199 1
-0.324304 -0.027389 -1.01743 -3.3811 -0.0180511 -0.581306 -0.538531 0.351439 0.765816 0
-0.856377 -1.23525 4.45581 -2.704 -2.10048 -3.12442 0.617112 0.350068 0.704717 1
0.245063 -4.94971 2.91754 4.13369 -2.22085 -1.23414 -0.550399 -0.276732 0.787706 1
1.27217 2.28365 0.0304804 3.23261 -3.80655 1.30816 -0.89564 0.43529 0.0913915 1
-2.74811 -3.66054 -3.13344 0.696757 -0.0535078 2.5888 0.9482 0.306737 0.0826338 0
-2.48255 0.0944557 3.28495 -3.02262 -3.2286 -4.21986 -0.755991 0.628951 -0.181378 1
2.58197 3.25772 3.54574 -0.0835538 -4.13578 -4.82502 -0.362546 0.424269 -0.829793 0
4.19154 -3.4733 3.97016 3.23494 -3.60842 -2.83356 0.593163 -0.803616 -0.0485658 1
3.42968 4.7863 -1.76148 0.791495 -2.78094 2.70228 0.771009 0.133751 0.62262 1
-2.20635 1.20829 -3.99588 -4.03195 -0.853456 -2.09323 -0.242163 0.475344 0.845816 0
-0.318334 -1.30483 0.982846 -3.10577 2.80995 -0.240209 0.357278 -0.851109 0.384664 1
0.433214 -4.58675 -1.22417 2.66065 -0.315187 1.02515 -0.0890942 -0.703186 -0.705402 1
-2.07934 4.18861 -3.87373 0.063611 -4.57785 2.48262 -0.0932769 -0.763728 -0.638764 0
3.94008 3.4482 1.117 -2.27507 2.3477 0.931894 -0.293665 -0.674459 0.677396 0
-4.55831 -1.42646 4.65036 1.91295 3.14583 -1.59617 0.813861 0.536935 0.222107 0
2.01251 -0.0807991 0.0172501 -1.39786 2.32871 4.21683 -0.394709 0.19015 -0.898915 1
-4.30918 -4.50552 4.73169 0.632308 -1.96997 -4.45183 -0.636304 -0.39231 -0.664237 0
1.8282 4.10792 0.801696 -1.08456 -3.75445 -3.39821 0.816734 0.463288 0.343962 1
1.49526 0.377908 -2.24309 -0.848686 -0.739028 0.755594 -0.786796 0.0733471 -0.61284 1
0.618484 -3.31822 4.20817 2.5391 -2.6422 4.8508 -0.0897403 -0.650076 0.754551 1
-4.8243 -1.78407 -4.32628 -1.71226 4.37427 -2.0233 -0.602162 -0.72962 0.324123 1
0.248935 -0.829401 -4.87302 4.45044 0.225171 3.85198 -0.75065 -0.337055 -0.56826 1
-3.19983 -2.22605 -4.70948 4.83098 -0.819609 0.450954 -0.598641 0.453885 0.660013 1
-2.63005 -0.883717 1.39639 2.6067 -2.62732 -3.17145 -0.63345 0.760067 0.145049 1
1.45986 -3.18966 -2.85019 0.27034 -4.41719 -4.11046 0.591568 0.195758 0.782129 1
3.74737 1.59123 0.782506 4.48427 2.13212 1.99156 0.459053 0.465938 -0.756421 1
2.05402 -0.47706 -4.24528 -2.25997 4.93233 1.86737 0.546868 -0.658257 -0.517333 1
0.189426 -1.20187 -0.193443 -4.15686 4.38959 3.67909 0.40199 0.310675 -0.861328 1
-4.00079 4.77694 -3.67021 4.5143 1.47703 -1.20596 0.746923 0.342798 0.569733 0
-4.33843 -0.920708 -2.53293 3.95451 -3.74999 4.05226 0.576726 0.257533 0.775283 0
4.33463 -3.32276 -0.626127 -4.05626 -0.385795 2.08363 0.598241 0.610581 -0.51894 1
-4.52182 -4.23065 0.912463 4.13022 -2.58677 1.72234 0.474165 0.60821 -0.636591 0
-3.60144 4.71865 1.9459 0.219883 1.90755 0.557619 0.595547 -0.477362 -0.646103 0
-0.942926 3.22479 4.68752 0.386577 3.42062 2.23975 -0.367203 -0.774297 -0.515389 0
0.269598 0.267167 -0.815121 -4.37702 -3.75524 1.12966 0.57395 -0.420154 -0.702888 1
-0.0218158 -4.28334 -4.77446 -1.95701 -1.34063 3.34317 -0.653298 0.692717 -0.305524 0
-2.78388 -3.62842 -3.75579 1.72954 2.60437 1.31389 0.495982 -0.275691 -0.823406 1
-1.59448 -3.73544 -4.03604 -0.756206 -0.635495 1.60227 -0.724488 -0.60124 0.337088 1
-4.43044 3.7571 2.73242 -1.54603 0.650827 -2.34244 -0.0840091 0.331239 -0.939799 0
-4.07772 4.71684 -0.493561 3.67367 -2.99734 -4.1663 -0.00465214 -0.360191 0.932867 1
-1.81436 -0.944357 1.5368 -0.219452 0.0969701 -4.0251 -0.256104 0.872715 0.415666 1
0.554776 3.14515 -0.0741868 -1.65759 4.98592 4.11465 -0.871409 0.366437 0.326145 0
-3.15696 -0.16619 -1.78082 3.21302 -2.57493 1.04762 -0.727468 -0.558532 0.398539 1
1.00084 -4.11668 -3.41846 4.6788 3.47324 1.06107 -0.818716 -0.0791882 -0.568712 1
-4.05697 0.358538 0.67474 2.99772 -4.42952 4.42825 -0.664857 0.0632998 0.744284 1
-0.223104 2.77562 -2.80105 -0.00868177 -2.36449 0.293785 -0.749431 0.146667 0.645633 0
-4.30225 -2.00418 2.12816 3.65532 -2.9075 2.1174 -0.423393 -0.432739 0.795912 1
-2.19878 0.324139 3.07433 4.5159 -2.74145 -4.83505 0.720632 0.658314 -0.217514 0
1.51392 1.1871 4.91052 0.598998 -4.37969 4.49251 -0.529985 -0.710531 -0.462885 0
4.32668 -4.79477 -0.734503 -0.247193 -3.50153 -1.47876 0.611455 0.499863 -0.6134 1
3.59805 0.959338 2.07598 -4.65641 -0.15557 2.51501 0.596275 -0.799744 -0.0697596 1
1.53912 -2.6137 2.6535 4.00044 3.00315 -2.07931 0.476119 0.569533 -0.670032 0
4.74052 0.0544262 2.84584 -0.929131 -2.6436 3.94403 -0.638968 0.0619313 0.766736 0
-3.28093 -4.98978 4.50794 -1.17696 -0.62124 -2.55195 -0.917747 -0.338628 -0.20754 1
-4.0478 -1.42286 -3.14937 0.445933 -3.63298 -1.40261 0.675911 0.226436 0.701335 0
2.30062 1.5965 4.03948 -3.10855 2.33932 -3.4508 -0.1767 -0.663211 0.727274 1
-0.195494 4.94495 -3.26739 -3.72935 0.939863 4.32861 -0.912091 -0.122037 0.391403 0
4.75549 1.6966 3.87706 3.65487 -4.53063 -4.4508 0.57664 -0.225632 -0.785224 0
2.49951 2.68534 3.17741 -1.07533 3.73171 -0.803015 0.126334 -0.793496 -0.595319 0
0.244807 0.724712 -4.75095 2.37233 -3.31276 4.46996 -0.0277713 0.79713 0.603168 0
-4.525 3.44056 -2.75936 -4.41402 1.90311 -1.62243 0.0172241 -0.765018 0.643779 0
1.71748 2.44254 4.43044 2.64538 0.242319 -4.2619 -0.654225 0.704676 0.274628 1
-2.01109 -1.11156 2.27875 3.46009 4.72443 -0.338268 0.700001 0.471199 0.536629 0
4.81525 -2.08872 0.274167 -0.504474 2.14848 -0.134935 -0.79247 0.542065 0.279567 0
-4.35415 -0.491126 -4.32382 -2.50793 2.09481 -0.114708 0.957689 -0.23627 -0.164341 0
-2.93496 0.399659 1.27271 1.39996 1.41675 2.15514 -0.119037 -0.967093 -0.224858 1
-4.86519 -1.40863 1.92173 2.16566 1.29126 0.72537 0.395465 -0.247253 -0.884575 0
4.05662 0.570837 0.115462 -1.45017 -1.58395 -0.440387 0.0160235 0.735424 -0.677417 1
1.5171 0.137533 3.59732 -0.454177 -0.0964155 -2.02952 -0.745177 0.211653 -0.632388 0
0.632582 1.75883 -2.51968 -2.20603 -4.63094 1.81385 0.128035 -0.71519 0.687103 0
-4.31065 -1.74179 -0.0179534 -2.11864 -3.80449 0.827405 0.455467 0.753531 0.474067 1
2.23591 -1.93002 3.32469 4.39181 -2.59152 -1.11398 -0.561717 0.306798 0.768342 1
-4.38062 4.37589 0.241231 -2.92191 -1.97257 4.91034 0.742948 -0.250787 0.620591 0
-4.28371 3.09845 -0.840537 -3.13204 0.989282 3.72053 0.935375 -0.33793 -0.104295 0
-1.86267 3.17119 1.8875 -1.95008 -1.60718 4.16424 0.501884 -0.548314 -0.668928 0
1.10279 1.76243 3.85207 4.27877 -2.77716 4.5878 -0.158793 -0.461926 0.872588 0
2.30905 1.55901 -2.14901 -3.30087 1.2118 -1.87593 0.777568 0.485255 0.399895 1
1.759 -2.1252 -1.09372 3.15068 0.265553 3.42894 0.21942 0.246666 0.943934 0
0.864013 -1.65462 -0.366612 3.66525 -3.88031 1.46106 0.709873 0.655372 0.258008 0
-1.36808 4.99962 3.75826 -4.85284 1.61749 -3.35208 -0.620219 0.732393 -0.280942 0
3.43136 1.89346 3.14583 3.42683 1.48054 0.864609 0.493363 0.625278 0.604666 1
1.18745 1.21683 0.880658 -1.35287 -0.812837 -2.5234 0.735911 -0.547406 0.398475 1
0.757946 -4.07266 -1.13846 4.24986 -2.75098 -1.19669 0.633205 0.678236 -0.37289 0
-4.02353 0.657225 -2.74703 -0.11621 -2.38949 -3.5201 -0.416784 0.660336 -0.624697 1
2.67762 3.88128 1.95775 -0.918657 -4.64931 2.77892 -0.641742 0.762307 0.0839909 1
1.86429 1.55125 -4.92345 -0.99068 0.400965 3.08624 -0.680847 -0.730014 -0.0593941 0
-2.53324 3.71794 -0.143766 1.19881 0.99073 3.91271 -0.645425 -0.625938 -0.437753 1
1.85156 0.0584192 4.65818 -0.634388 -4.56183 -0.838017 0.693733 0.59498 -0.405874 1
-1.04516 4.8973 2.66644 -1.6437 -0.424921 3.92751 -0.209945 0.256753 0.943399 1
1.32327 0.446916 -3.8924 -0.413303 4.42313 0.115691 -0.416853 -0.72723 0.545316 0
0.863145 -0.384907 3.038 -1.09031 4.67477 -3.1258 -0.52732 -0.36518 -0.767188 0
-0.802244 0.151675 1.53211 1.71873 -3.38956 -3.31846 0.740744 -0.26107 -0.618983 0
-4.52508 -3.04007 2.62849 -1.10723 0.24983 -3.05942 -0.563286 0.810257 0.161838 1
-3.89559 -3.90813 -3.43154 2.6053 -4.57413 -3.22452 0.34071 0.802416 -0.489944 0
4.52494 -0.849972 4.02625 -1.13968 1.8212 0.714097 -0.466751 0.247821 -0.848957 0
-0.858345 -1.48158 -4.4286 3.89048 0.506568 3.8044 -0.452615 -0.77093 -0.448114 1
-1.4404 -2.48595 0.716815 3.11771 -2.43451 1.11784 -0.911622 0.0273643 -0.410117 1
1.73953 -3.2652 3.59652 0.324082 -3.03384 -3.69983 0.603975 -0.572569 -0.554418 0
-0.51014 0.827601 -4.40764 2.70897 -1.09581 -3.91748 0.781295 -0.257986 -0.56835 0
-2.31083 -4.87787 -3.23882 -0.509302 1.05786 1.92129 0.269669 0.962179 0.0385973 0
-0.822694 -4.69214 2.52962 2.62687 3.88306 2.98113 0.0573875 -0.991915 -0.113184 1
-4.90192 4.502 -4.15336 0.516114 1.90043 3.47724 0.387142 -0.606502 0.694461 0
4.9452 -2.20295 -2.91499 -2.02834 2.4441 3.91578 0.686403 -0.715472 -0.130197 1
2.89155 -1.69852 1.17441 0.0837784 3.02553 -1.71934 0.792814 -0.373233 -0.481813 1
-3.38046 4.66036 -1.29859 3.28896 2.09278 4.575 0.721085 0.463155 -0.51529 0
0.801476 -3.7948 0.581079 -0.881597 3.09211 0.414892 0.390975 0.51648 0.761831 0
-1.83811 -1.58457 3.50142 3.75211 -1.63005 -3.1589 -0.168629 -0.92315 0.345482 1
1.66504 -0.215882 0.831783 -4.25597 -0.228134 4.33865 -0.199469 0.97918 -0.0376766 0
0.200719 -2.4335 -4.76364 -2.8291 -2.44082 3.47519 -0.783585 -0.0488382 0.619363 0
1.2427 1.196 -1.73908 3.04087 2.83293 -3.99043 0.480535 0.782326 -0.396297 0
3.22065 2.12014 -2.59939 3.69819 -2.67426 -0.513636 -0.231604 -0.698941 -0.67664 0
1.10566 -2.57684 -4.28944 3.87102 -2.38271 2.7505 0.454924 0.888616 0.0583532 0
4.46092 -2.85985 -4.28529 3.1112 4.64646 4.7364 0.475681 -0.879598 -0.00588124 1
-4.37288 4.06947 0.926047 0.0888963 0.711019 -4.99788 0.55626 0.60101 0.573901 1
3.60525 -4.65023 -3.93911 0.464399 4.56182 3.36316 0.540303 -0.599315 -0.590673 1
-0.7639 -0.690829 -4.37084 0.113996 -3.89301 1.13085 0.433802 -0.525397 -0.731966 1
3.58854 -1.63363 2.98616 2.62537 -1.62774 2.51969 -0.585444 -0.442393 0.67937 0
0.391994 1.30424 4.38932 -2.02955 -2.1522 -1.76725 0.42671 0.878653 -0.214216 1
-0.126994 -0.630697 3.52647 -2.62843 4.14217 -4.38007 0.169115 -0.693547 0.70028 1
-1.65882 2.04786 1.68692 2.36985 -1.23327 0.170689 -0.857072 -0.504277 0.105506 1
-2.43834 -4.35845 4.57581 4.15935 3.59756 -1.23618 0.24156 -0.366192 -0.898639 0
-3.59011 -4.60722 -2.02622 1.74419 4.31735 1.04863 0.364278 -0.099101 0.926002 0
-0.971569 -3.95793 3.71012 -2.10718 -4.07402 0.837503 0.717544 -0.214244 0.662744 1
1.35063 4.66183 1.19859 3.94633 2.24275 0.039403 0.509867 -0.545403 -0.66526 0
2.31186 2.46875 2.72044 4.68316 3.24535 -4.5253 -0.905474 -0.41611 -0.0834841 1
0.115804 4.45291 -4.57937 4.91998 1.52466 -3.69361 0.369532 -0.927793 0.0514386 0
-4.03166 -3.92004 -0.0389075 2.25875 1.01459 -0.173677 -0.612994 -0.657239 0.438492 1
-0.903914 -2.12595 1.9092 -3.58977 -4.03365 -2.08152 0.731772 -0.138317 -0.667366 0
-3.54776 0.346668 0.0987887 -1.64546 0.818014 2.76973 0.0934103 0.696486 0.711464 0
-0.222691 -0.511704 -2.52219 0.634013 -2.33946 -2.75554 -0.684702 -0.441832 -0.579628 0
-4.37126 4.53951 2.92227 2.52951 -0.87746 2.22521 -0.600263 0.253152 0.758682 1
4.63738 4.80363 -4.88696 -2.01533 0.518116 0.438539 0.937418 0.00548978 -0.348163 1
-3.54695 1.90376 4.18765 4.97783 -1.19087 -3.53788 0.816064 0.328162 0.475761 0
2.42525 -3.11225 2.97477 -0.0347271 2.21515 1.15977 -0.566355 0.301774 -0.766926 0
3.75948 3.80995 4.00451 2.59155 0.953923 -4.42548 0.699393 -0.376951 -0.607254 0
-0.946942 -2.76141 1.01132 4.95347 -0.287086 4.74146 0.337499 0.232768 0.912093 0
-1.20365 1.88248 4.30368 4.70457 4.08251 0.289408 -0.968503 0.240893 -0.0630311 1
-2.79785 -2.01183 1.79913 2.78086 -0.212841 -3.4343 -0.857289 0.346234 -0.381022 1
-1.22527 4.93716 -4.71798 4.48347 -1.36881 -3.15888 0.445088 -0.697095 0.562099 0
2.16929 0.133407 -0.310577 -2.95662 -0.179268 -0.747318 0.87537 -0.060128 -0.4797 1
3.16716 -1.04104 -0.214258 -1.63521 -4.0264 0.440648 -0.285298 0.787389 -0.546465 1
0.125293 -3.75319 -3.76889 -0.9006 0.647891 -4.20238 0.790983 0.119845 0.599986 1
3.63396 -3.51439 -1.91846 2.68021 4.80114 -4.05517 0.783989 0.065368 -0.617323 0
-1.87657 -0.172659 3.23912 -2.16209 3.87207 0.440523 -0.0810494 -0.788702 0.60941 1
1.37152 3.82646 1.3104 1.12155 -3.08853 1.12673 0.996582 -0.0643612 -0.0517849 0
-3.39865 1.38969 2.5633 4.2026 0.0305943 -1.17213 0.595928 -0.414736 0.687651 0
-2.79193 -2.9061 2.43155 3.69061 3.55231 -3.97194 0.863272 -0.340346 -0.372729 0
-1.33613 -1.34476 -2.56746 -0.222136 0.803223 3.67233 -0.696172 -0.169365 -0.69761 1
-4.50746 2.61888 -1.83955 -2.35191 2.4173 3.06018 -0.868515 0.0327059 0.494582 0
0.017138 -3.43964 3.2538 3.17716 3.72007 -1.9567 0.923742 -0.0921234 -0.371772 0
4.17617 1.20689 4.6993 -3.36205 4.07786 -1.04575 0.466024 0.633171 0.617993 1
-4.37656 -0.482797 4.50405 -0.61143 0.412292 3.21059 -0.692715 -0.444968 0.567582 1
4.69224 4.75068 4.70249 2.38201 0.609412 2.54183 -0.239938 -0.412951 0.878579 0
-0.253493 3.57707 3.69272 3.09986 -3.41089 -0.456561 -0.970942 -0.0721848 -0.22817 1
3.18654 -2.41131 1.53553 2.52505 -1.34988 -3.86335 0.182017 0.940408 -0.287233 0
2.70643 4.00087 -2.18576 0.500445 0.138068 -3.05229 0.454927 -0.859313 0.233714 0
-4.73025 -0.954646 2.86423 -0.82067 -1.44766 -1.23172 0.749299 -0.463513 -0.472976 0
-3.63507 1.56163 -3.91732 1.67575 4.46729 -4.62043 -0.649799 -0.150361 0.745086 1
-2.37889 -3.96932 -2.98411 0.0384021 -1.86946 -2.01653 -0.289762 -0.705764 -0.646479 1
-1.09138 2.66728 -3.09974 -2.85324 1.46767 -2.88918 0.644475 0.0804066 -0.760386 1
3.09773 0.0840778 0.155892 -3.24668 -4.33589 3.58753 0.280434 0.791584 0.54291 1
-2.84783 4.86983 -4.15274 3.25853 -0.510308 -3.48429 0.731309 -0.354649 -0.58259 0
1.65231 3.51709 1.41272 -3.31636 -2.83295 0.366345 0.758771 -0.393529 0.519039 1
0.808858 0.5165 -0.807371 -4.88813 1.44078 4.4756 0.299427 0.224554 -0.927318 1
3.44754 0.727283 -2.64885 -0.101931 1.40655 2.79118 0.718846 -0.0190048 -0.694909 1
0.46453 1.49524 2.30746 -1.05868 -1.81062 -2.62937 0.779888 0.329564 -0.532131 0
3.622 -2.41485 -0.297044 1.03351 -4.55578 4.91554 -0.952432 0.297433 0.0663863 0
-1.25135 -1.11985 -1.82966 0.992521 1.98435 -1.48855 -0.739797 0.62397 0.251717 0
4.60577 0.0746479 2.68936 3.75873 -2.82776 -0.79091 0.0217854 -0.635974 0.771403 1
2.62261 -0.2307 2.88866 -2.5849 -1.84938 -1.72558 -0.547139 -0.629771 -0.551387 0
3.64056 -2.60584 1.81278 -1.24982 0.34859 -3.12249 0.0716931 0.0980345 0.992597 1
4.82496 -2.32553 3.97916 -0.232793 -3.31113 3.18003 -0.785915 0.0815635 -0.612931 0
-2.84352 2.84924 -1.61523 -0.829569 3.49135 -1.08803 0.509954 0.744186 -0.431432 0
-2.80478 -4.19247 -1.77392 3.95018 -3.56554 0.061667 -0.620402 0.597413 0.508132 1
1.34077 3.66403 4.89104 -4.3786 2.19049 4.26978 -0.628871 0.650414 -0.426008 0
-3.72349 -0.00141144 4.93842 3.25386 0.257229 -0.631865 0.671405 0.135443 -0.728609 0
-4.4735 -0.247782 3.29861 2.06873 2.10758 3.91516 -0.107627 -0.975026 -0.194269 1
-4.10596 -4.9345 -4.79175 -2.61502 -3.92293 1.13858 0.745753 -0.636992 -0.195174 1
-0.506495 3.72401 0.316162 2.7406 3.54035 -2.65047 0.942541 0.198923 0.268412 0
0.157055 -1.7921 -4.8106 -3.71217 2.70103 -0.375278 0.678626 0.72998 -0.0812175 0
2.73446 0.608243 3.9591 -0.269005 3.63418 -1.94838 -0.746719 0.564545 -0.35171 0
2.0131 0.513001 -2.80773 -3.17721 1.34568 4.21142 -0.445593 -0.883466 0.14469 0
4.37293 2.89251 2.58838 -3.88391 -4.47694 -4.236 -0.0112486 -0.468872 0.883195 1
2.71992 -1.28264 -0.863407 -4.79574 -3.54345 3.72443 -0.44928 -0.345987 -0.823675 0
4.33935 -0.495964 -3.27724 -2.41196 -2.92036 1.42721 -0.537196 -0.582769 0.609754 0
-1.14538 2.69167 -1.70925 -3.07808 3.80478 -0.392467 -0.629298 0.630928 -0.453778 0
0.456402 3.75144 1.91193 4.67922 -2.82533 0.75666 0.176188 0.0443102 0.983359 1
-2.71972 -3.36662 -2.29984 -3.39076 -3.41961 -0.398847 0.255923 0.907199 0.333908 0
2.28942 3.69145 3.47556 2.81678 0.623122 -1.72186 -0.346835 0.801319 0.487435 1
2.25866 2.10461 1.9154 1.21835 -1.20121 1.37079 -0.680804 0.528653 -0.506983 1
-2.73502 -1.17527 1.32319 -4.77183 -0.727957 2.4888 0.278955 0.959983 -0.0248379 1
-3.99291 -0.718986 0.921002 4.99662 -2.6367 1.17911 0.791853 -0.490384 -0.363995 0
0.983365 2.26995 -0.61806 -3.0637 3.60129 -2.59275 0.0189411 -0.848194 -0.529347 1
1.15592 3.00774 -4.13381 -0.251956 3.44081 -2.49578 -0.114128 -0.501628 -0.857522 1
-4.48379 3.0437 3.86881 -4.65519 4.6942 0.988558 0.931735 0.358027 0.0607247 0
3.67445 1.1777 -3.46396 -4.73409 1.94415 -3.58054 -0.390459 0.611201 0.688459 0
-4.85614 3.04606 3.25835 1.49028 -1.09767 2.84815 -0.727148 -0.372216 -0.576811 1
0.949109 -3.3658 -3.79981 3.65115 -1.16834 1.66352 -0.695978 -0.186537 0.693411 0
2.77911 1.65721 -2.50778 2.10341 -3.4889 -1.50851 -0.712582 0.616077 0.335674 1
1.52686 -2.93619 1.02618 -3.37179 2.22804 2.00703 0.997362 0.0114186 0.0716813 1
3.27182 -3.57391 -2.29747 -0.338168 -4.34285 -0.474465 -0.462864 -0.0478369 -0.885138 0
-4.40771 3.63929 -4.70675 2.63843 4.06751 -0.343067 -0.479594 0.286103 0.829539 0
-2.39521 -4.02406 2.8813 -2.37965 3.44842 3.75876 0.552688 -0.296741 -0.778769 1
1.03493 0.553402 1.29235 -4.57093 0.915418 3.99482 -0.702555 0.497579 -0.508755 0
-0.261718 2.12112 -1.85029 -0.611881 -0.0857153 1.30362 -0.647401 0.177844 -0.74111 1
-0.190533 -0.719355 -3.51584 4.54365 1.06471 -2.27994 -0.0156722 -0.640992 -0.767388 1
-2.974 4.23913 3.2013 3.78837 2.97042 -4.0529 -0.90569 0.356815 0.228927 1
-1.86376 -3.10893 -0.61957 1.30485 0.4725 -4.19525 -0.394106 0.906238 0.153013 0
3.62916 -3.03364 4.23912 1.38235 -1.12564 -4.74214 -0.648449 -0.492056 0.580857 1
3.51892 -4.22363 0.652452 -2.77405 -0.651084 2.51974 0.0203968 0.497343 -0.867314 0
-4.07999 2.0019 -1.69382 -4.8053 -1.82572 -2.36876 -0.837556 -0.250708 -0.485433 0
2.60465 0.656429 -4.99609 -1.38561 0.581223 -3.72341 -0.236307 -0.592373 0.770229 0
3.78333 -4.78588 0.857096 4.92959 1.31403 -3.53059 0.910316 -0.24996 0.329916 1
3.22003 -1.26178 -3.91511 -3.37611 0.564445 -0.887097 -0.368863 -0.357521 -0.857974 1
-2.31546 -3.81581 0.424001 3.44067 4.78869 4.05157 0.489432 0.294753 -0.820717 0
0.90001 2.18902 4.59345 -3.67364 -1.39726 -3.53789 -0.76718 -0.456229 -0.450877 0
0.762665 -3.67878 -0.978978 -2.98451 4.36348 -1.88645 -0.958368 -0.245508 -0.145796 0
-4.44978 -4.38415 4.22119 -0.0382571 0.283213 2.57335 0.622838 -0.514454 -0.589415 0
3.94119 3.81769 -4.59905 -4.94957 -4.13012 -0.37271 0.351967 -0.814571 0.461078 0
-1.68294 0.243251 3.41823 -1.83994 1.40347 4.75286 0.214249 -0.572567 -0.791369 1
1.20878 1.4334 1.94808 -3.42666 3.06043 -3.97911 -0.835452 0.159603 -0.525876 0
-1.33709 -2.84949 2.81473 3.6886 4.81369 -2.45226 -0.430798 0.628169 0.647933 1
-2.09944 4.43136 2.60811 -0.709117 -3.07793 4.6336 0.368538 0.58685 0.720962 1
-0.478931 4.19584 -2.75753 0.998841 -0.67347 0.612205 0.771462 -0.49516 -0.399578 0
-0.168605 -4.88428 -4.48354 0.668117 4.76294 -3.74458 0.590931 -0.792071 -0.153048 1
-2.07031 -2.62879 3.8411 4.97353 -4.54781 4.29556 -0.547538 -0.836643 0.0151789 1
-2.51214 3.25742 4.70538 -0.867921 -0.0839453 -1.45595 -0.497504 0.697649 0.515534 1
1.9325 -0.710898 -2.2854 -3.79919 3.46916 -0.500775 -0.599105 -0.527206 -0.6026 0
2.01676 4.11388 3.81592 -2.69925 -0.226852 -4.2417 0.408999 -0.292727 0.86431 1
-1.51972 2.18055 3.33208 -2.75731 1.20053 -1.91461 0.644676 0.699751 -0.3078 0
1.56421 4.31972 2.64499 1.60684 -3.51392 -0.26141 -0.196166 -0.771477 -0.605262 0
-0.0811386 -1.51187 -3.0036 -1.52962 2.6619 -3.69652 -0.270179 0.877696 0.395795 0
-4.06172 0.0753217 1.12513 4.56326 -3.87728 4.61094 0.0439623 -0.3565 0.933261 0
-1.41099 4.17199 2.21004 -3.07338 -2.13679 -4.5524 -0.578764 -0.475054 -0.66284 0
-4.3313 4.29081 -0.59057 -1.23005 -4.13525 3.76902 0.30425 0.639953 -0.705615 1
2.94318 1.91664 1.57981 -4.77345 3.65771 -3.91125 0.88116 -0.0633964 0.468549 1
1.47639 2.72633 -2.40717 -4.08774 -4.28477 3.73152 -0.458254 -0.612906 -0.6437 0
-4.37313 -1.81141 -0.0584168 -4.74504 3.50957 0.81713 -0.0384041 -0.998436 0.0406157 1
3.43815 -3.98028 -0.10674 2.94776 4.49592 -4.96909 -0.66663 -0.355085 0.655378 1
2.78499 -4.40098 -0.955221 -2.16113 3.55732 -2.72008 0.0257646 0.869046 -0.49406 0
-2.7975 3.74113 2.1648 4.9788 1.03617 2.43298 0.803101 -0.551541 -0.225459 0
3.70425 -3.7619 3.68991 0.549286 2.46865 -2.58866 0.477054 0.770515 0.42276 0
3.34553 -2.59634 -4.66964 -2.07129 0.109355 -1.70226 0.593623 0.695032 -0.405639 1
-2.59354 -3.07506 4.18022 -3.07037 2.37145 0.408304 0.735527 -0.176426 -0.654121 0
0.759938 2.11405 -0.572255 0.00658703 -3.539 2.2792 0.941892 0.256608 0.216773 1
4.07908 2.28798 2.1308 -0.0796356 -1.2834 -2.90244 0.244076 -0.401563 0.882708 1
0.283466 4.56478 -0.811295 0.18961 0.990075 4.21021 0.64965 0.49644 -0.575762 1
-4.86918 4.5502 1.64066 -4.43725 2.77001 3.74206 0.392001 0.15675 0.906512 0
0.286875 1.48452 0.770006 -4.7713 0.690499 1.51191 -0.174173 0.841781 -0.510949 1
-4.71828 4.03851 4.44363 4.86081 -0.749398 -0.0571637 -0.419862 0.644291 -0.639223 1
3.481 2.23797 4.29953 -1.11099 4.15356 -4.79121 0.353307 -0.836491 -0.418876 0
-2.73481 -3.68494 -3.12749 -4.05909 -1.53829 -3.90442 -0.730011 -0.488369 -0.4781 0
-0.244279 4.08578 1.43238 -1.96832 4.29571 4.40021 0.7802 0.0178113 -0.625276 1
-1.30752 1.4636 1.71604 -4.65237 -2.15355 4.5099 0.427012 -0.675157 -0.601518 1
3.17582 -1.86511 1.87768 3.43349 -3.25558 -3.942 0.168266 -0.742171 -0.648744 0
2.25933 -3.61979 -2.11005 4.92393 -3.53335 2.47257 0.363857 -0.242605 -0.899306 1
-3.99038 -4.78574 4.58173 2.54612 0.803983 3.70862 -0.570767 0.685941 0.451343 1
-4.03879 1.39382 -4.05775 3.02625 3.74564 0.113866 -0.537361 -0.709439 0.456005 1
4.10055 -3.98976 -4.4222 2.80642 2.84898 -2.00554 0.509218 0.66443 -0.547019 0
4.68803 2.52185 4.75353 -3.8102 -0.72076 1.63916 -0.553185 0.763191 0.333956 0
1.12969 -4.17081 4.87391 1.25376 4.85817 -3.35962 0.565712 -0.761687 0.315917 1
1.77648 -3.41038 3.82201 -4.96111 4.07301 -2.61474 -0.260262 0.922294 -0.285721 0
0.457206 3.81748 2.71636 2.3577 0.60465 4.26552 -0.084248 0.662916 -0.743938 1
0.427499 4.65523 0.000872135 -4.37342 -1.98872 4.96805 -0.06006 -0.411005 -0.909653 1
-0.102307 4.50883 3.08827 2.83271 -4.99596 0.530434 -0.698297 -0.691489 -0.184997 0
0.0976543 -1.94026 -4.7999 -4.7323 2.80867 1.27404 -0.452125 0.121843 0.883593 0
2.51567 -2.31674 -1.60364 -4.87178 -3.28047 0.941674 0.932268 -0.36081 0.0263276 1
2.67342 4.18711 3.35897 1.43004 3.10117 2.10109 -0.347805 0.623599 0.700112 1
-0.566793 -2.41331 -2.15044 -0.00440502 -3.31529 3.91008 -0.275184 0.695392 -0.663855 1
-2.7744 4.84068 0.429276 -1.91531 -3.2089 0.692973 -0.905419 -0.39204 -0.162856 0
1.75365 -1.46119 -0.0649409 -3.57136 -2.43372 3.57158 0.35754 -0.350955 -0.865445 1
4.2819 -1.86028 3.45857 -2.69236 0.707283 -4.16667 0.978789 -0.101034 -0.178225 1
2.98468 -2.69275 -4.8535 -1.62054 1.82533 3.53197 -0.0375695 0.414503 0.909272 0
1.41321 2.90364 -3.54418 1.7834 3.10476 1.84763 -0.50243 0.695122 0.514169 0
-4.12707 0.110422 3.71156 1.65036 -1.90982 -3.6712 0.164564 0.861858 -0.479708 0
1.45451 -3.62221 4.64249 3.21212 1.662 -3.98574 0.434234 -0.332837 -0.837055 0
1.57648 -3.21464 -3.12448 -1.33683 -1.50005 -4.08291 -0.709633 -0.536878 0.456271 0
-1.22207 4.89848 4.12952 4.92945 2.07145 0.729581 -0.642907 0.753244 -0.138902 1
-2.42832 3.1414 -4.60563 -1.52675 3.37529 -2.81232 0.678032 -0.73491 -0.0134504 0
-0.971684 -1.95698 0.466951 -1.95808 -1.79996 -1.09608 -0.335913 0.930565 0.145641 0
4.3806 4.34488 -1.64429 -3.06255 4.21949 4.81253 0.680478 -0.656832 -0.32484 1
0.397977 -1.69808 4.99068 0.598309 -0.797846 -1.19598 0.650084 -0.473501 -0.594296 0
-0.730107 1.42912 1.42866 -1.22828 4.72355 -0.912434 -0.110566 -0.40033 -0.909676 0
2.42043 -0.310441 3.37834 -3.43772 2.23993 0.141741 -0.663396 0.52962 0.52859 0
4.91701 3.78146 1.43058 0.667045 4.29289 0.144243 0.947771 -0.133946 0.289464 1
-2.03173 -4.20492 1.68893 -0.630103 3.54908 2.76394 -0.49099 -0.870649 -0.0299931 1
4.68477 2.06192 3.88481 -1.24578 -2.13966 -3.03398 0.20523 0.162991 0.965046 1
-0.530351 -0.155324 2.47575 3.13843 1.38532 -3.60437 0.690107 0.532285 -0.490331 0
4.09518 -1.93169 -4.60058 -1.78204 0.24384 -2.33116 0.470851 -0.872663 -0.129452 1
-4.19805 -4.15983 3.89932 3.15065 -1.06246 3.33545 -0.788016 0.217429 0.575982 1
4.89997 3.26917 4.29959 -3.69979 -4.10506 3.76604 -0.167151 0.838964 -0.517881 1
-2.50108 1.45103 0.966945 1.16219 -3.54429 4.39677 -0.299644 0.555824 0.775418 1
-3.11106 2.93193 -4.2546 1.59415 3.46829 2.3522 -0.00299984 0.331201 0.943555 0
0.767739 1.82607 -0.989955 2.56134 1.71908 3.38262 -0.727048 0.412228 -0.549062 1
-2.17855 4.5926 0.0193129 3.27706 3.76767 -4.85609 0.540869 0.717922 -0.438234 0
-3.55022 3.47215 1.97736 -3.50926 -1.26813 1.48383 0.112045 -0.99342 -0.0237065 0
4.99835 1.96793 -3.69299 -0.194411 -4.0037 -2.76099 0.701583 0.262906 0.662316 1
-4.07411 -2.82585 2.57138 -2.00753 0.945915 -3.51812 0.174369 0.977116 -0.121821 0
-1.31329 4.30825 0.147219 -3.67486 -1.76912 -2.48895 0.795436 0.0108984 -0.60594 1
-4.58365 0.663736 -2.03899 4.83054 -0.47868 2.50964 -0.634422 0.64442 -0.426887 1
2.09415 1.58637 3.14878 -3.6206 3.80118 -3.59054 0.525298 0.447684 -0.72363 0
-3.05169 -1.01583 -0.934195 1.49716 -2.82492 0.177734 0.590274 -0.67824 0.437685 0
0.197691 2.92855 -2.12097 4.32554 -4.35567 2.59925 -0.649981 0.751166 -0.115213 1
0.612844 -3.20518 0.969643 -4.63907 -3.10196 0.0640745 0.198253 -0.950032 0.241112 1
0.545331 1.857 -1.08218 2.72235 4.01337 -4.62462 0.244532 -0.672854 0.698191 1
-4.02391 4.75016 0.14546 -1.68341 0.518136 0.222557 -0.607839 -0.666156 -0.432167 0
1.61523 -2.03715 -1.15381 -4.69645 -2.2303 -2.88524 -0.816972 0.0176115 -0.576409 0
-2.98955 4.19569 -0.822027 0.623022 -1.30478 4.60515 0.722662 -0.646711 0.243978 0
-0.302694 3.62169 2.50393 -4.70526 1.18494 2.62398 0.224275 -0.939954 -0.257269 0
2.02308 -2.12994 -4.16982 -4.84487 0.126445 1.97418 -0.901862 0.116557 0.416005 0
-3.17605 1.84012 1.22281 -2.68713 4.98526 0.11037 0.33979 0.473332 -0.812711 0
-2.19369 -4.9683 0.00684452 -0.791369 -1.41374 0.579436 0.702796 -0.707025 -0.0787009 1
-4.88763 3.47029 4.79761 4.67051 4.57337 3.65708 0.0278877 0.871098 -0.490317 0
-0.132431 4.81525 -2.32851 -1.91747 1.28923 4.24057 0.151883 -0.760846 0.630908 0
-1.01298 3.02071 -3.25442 -4.88963 3.70531 4.81548 0.403144 0.914073 -0.0441041 1
4.84815 -0.471539 -4.83254 -1.10581 4.99547 2.80627 0.443493 -0.447998 0.776281 0
-0.0205622 4.56357 -2.79142 -0.434139 -3.45335 4.41105 -0.62526 0.633986 0.455096 1
2.00395 -0.908431 -3.88296 3.85568 -4.31821 0.467405 0.69087 0.639525 0.337202 0
1.22997 0.00304794 1.2114 3.9133 2.6521 2.02669 0.22492 0.841505 0.491203 0
-3.22136 -1.39723 -2.15335 0.427063 3.47953 -1.34864 -0.218668 -0.0113273 -0.975734 1
2.91795 0.902774 -0.294466 -2.87784 -4.0461 1.92098 -0.502625 -0.790357 0.350291 0
-2.4478 -4.83861 -1.70374 1.74703 3.91097 -0.169935 0.663629 0.632682 0.399136 0
-4.97274 0.520916 0.841347 -0.649084 -2.61621 3.1051 0.427384 -0.859945 0.278991 0
-1.65711 0.0594001 2.92498 3.99109 -0.807164 -0.987732 0.736387 0.591418 -0.328571 0
-2.90948 4.31886 2.45459 -3.01464 -2.21652 0.330088 -0.609811 0.5464 0.574089 1
-4.38825 1.67999 -1.46774 2.70755 -0.0057888 -3.26352 -0.336303 0.680164 -0.651366 1
-3.79545 3.43465 1.01169 1.44765 -1.56414 -0.0810118 0.308632 -0.94003 0.145225 0
3.55608 -1.09874 -3.52479 -4.90125 1.03737 -2.96299 -0.427519 -0.10045 0.898408 0
-4.46683 4.32472 -3.62383 -0.300758 0.875807 -3.96318 -0.0828104 0.613621 -0.785246 1
1.30555 -3.95958 2.96639 -0.950487 0.529485 2.42283 0.286826 0.443985 -0.848886 0
4.78691 3.76122 -0.556092 -4.74128 4.79296 3.64044 -0.446098 0.577797 0.683482 0
2.05713 3.64563 0.526188 0.910526 -2.27281 4.22727 0.538306 -0.0437146 0.841615 0
2.21079 2.73828 -2.77249 0.0613899 -3.84661 -3.25542 0.100845 -0.924303 0.368095 0
-1.67238 1.6748 1.26624 -4.99424 -1.25394 2.34657 -0.153097 -0.857807 0.490642 0
-1.74593 2.71781 4.73628 2.25756 0.987223 -3.84536 0.71319 0.205912 0.670045 1
3.67194 4.34067 -4.01117 4.35006 -0.516788 4.30413 0.74709 0.439541 0.498659 0
-1.46819 -0.556998 -3.70087 2.91475 3.68792 4.08959 -0.599384 -0.52542 -0.603881 1
-4.60751 0.857106 -1.77718 3.95054 -3.2853 1.52952 0.243058 0.440841 -0.86405 1
0.389316 -2.75002 -4.24066 -1.73532 -3.38798 3.23238 0.151253 -0.645408 0.748713 0
4.22687 -4.13434 4.51038 -3.6612 -1.44307 1.01913 -0.754467 0.298414 -0.584575 0
-4.99783 0.473314 0.327273 4.81447 -3.40425 1.52535 -0.327416 -0.427543 -0.842619 1
4.15418 -0.520964 0.342088 0.431786 3.85556 -0.64236 -0.444679 0.436573 -0.78209 0
2.12712 2.32951 4.61429 -4.65664 -4.95119 0.505447 0.619114 -0.576616 -0.533115 0
1.46657 0.527844 2.03133 3.45665 -2.64155 -1.35971 0.468879 0.493898 -0.732269 0
1.00398 -0.287915 -0.0131073 -3.16321 2.48152 3.89079 -0.333943 -0.694704 -0.637078 1
-3.87237 -3.45236 2.184 -2.21922 -1.03601 -2.89171 -0.945175 -0.0889147 0.314226 1
4.22742 -1.229 0.0380063 2.16582 -2.55595 0.287823 -0.776501 0.595496 0.205988 0
-1.05736 3.16885 4.79581 4.42975 4.2711 -1.02491 0.824837 0.519466 0.223156 0
1.03913 4.9831 -1.01595 4.89648 4.44903 4.67867 0.704986 0.114726 -0.69988 1
-4.7724 -1.18848 1.60105 -1.64755 -1.07287 0.193308 -0.972454 -0.220117 -0.0766911 1
-4.02177 4.94294 3.78027 -0.878036 -3.26714 -3.83015 -0.667215 -0.357957 0.653215 1
-2.06313 1.4939 -0.527072 -3.35791 1.16182 -4.94489 -0.00322002 0.666338 0.745643 1
-4.45047 0.431698 -4.86402 -4.5477 1.77637 1.03063 0.217396 -0.793147 -0.568908 1
3.63704 0.190019 1.64873 3.81408 -2.16911 -2.19029 0.666141 -0.513635 0.540773 1
4.64712 -4.42586 -4.91191 -1.02937 -0.870532 4.18035 -0.539382 0.834093 -0.115567 0
-3.21035 0.52578 2.70962 -4.37487 -3.59103 3.63934 -0.479468 0.774274 0.413051 1
2.4145 -3.21697 -0.223313 2.20054 2.80848 0.555888 0.520871 -0.208591 0.827758 1
-4.26942 -2.42186 -3.08398 -1.0177 0.458082 3.85913 -0.657901 0.0274976 -0.752603 1
3.16765 2.57233 4.54885 0.836506 -3.818 -1.34253 0.676223 0.626165 -0.388122 1
-3.37118 -0.475598 -2.09677 -0.84573 -4.35597 0.522142 0.598759 -0.394246 -0.697179 0
-4.11732 -0.487542 -4.98248 -2.97006 1.79788 0.202404 0.241035 0.432017 0.869059 0
1.14258 -2.91836 -4.60421 0.831116 -2.56317 3.41985 -0.838282 0.420053 -0.347617 1
1.20319 -1.16373 3.82869 1.36225 4.71657 2.03277 0.196354 0.595546 -0.778954 0
-0.562206 2.14729 -3.50853 -0.630184 -2.99522 1.00952 -0.638489 0.629526 -0.44275 1
-0.849364 4.09408 -1.76569 3.42586 -2.20304 4.73718 0.0621841 -0.902948 -0.425227 0
-1.56642 2.19721 3.66765 0.959661 -3.50979 3.16692 0.94792 -0.252741 -0.19383 0
2.49232 -0.00937176 -3.42298 4.13926 0.211468 -1.52852 0.0217266 -0.947043 -0.320371 1
-2.8775 -3.38805 -0.537477 -4.48667 3.06096 -2.10251 -0.484909 0.318548 0.814488 0
-2.74243 2.03946 -2.49765 4.0367 -1.69489 -2.07483 0.106974 -0.33051 0.937721 0
-0.8656 3.12246 3.98424 1.15458 0.483201 1.86354 0.66232 0.229143 -0.71332 0
-2.50157 2.4994 -0.628161 -3.90971 -0.0984058 -3.91445 -0.993128 -0.0123797 -0.116375 0
-1.92924 2.54585 -3.28479 -2.62217 3.4371 -4.76864 -0.769955 -0.613193 -0.176533 0
-4.32111 4.73765 3.88973 3.33076 -1.39505 -4.8677 0.310893 -0.94961 0.0398271 0
-4.29429 2.57724 3.08994 3.92529 3.25066 -4.0981 0.310676 -0.650689 0.692881 1
-1.88666 1.31482 -2.96297 4.33917 -1.38369 0.956662 0.449618 0.718182 -0.531093 1
4.84789 -4.26103 -2.90559 -4.9296 1.50741 -1.53439 0.63552 0.700134 -0.325463 1
-1.39317 2.6143 -4.67647 0.857584 -1.37557 -4.96289 0.788761 0.0674845 0.610984 0
2.43592 -3.77983 3.79581 -2.21548 3.64002 0.479184 -0.549548 -0.534851 0.641819 1
-4.33775 4.76442 0.130586 -0.414195 1.08881 -4.50818 -0.60985 0.483091 -0.628256 1
1.51215 2.86794 3.07805 1.2723 3.09581 4.64884 -0.50025 -0.532467 0.682809 0
-2.31398 4.68958 -2.20594 0.854509 -1.29346 -1.12342 0.747815 0.556054 0.362734 1
-1.27957 0.704987 -1.29525 -0.523935 -4.31252 4.28724 0.646334 -0.216908 0.731576 0
-0.821619 2.03303 2.14328 0.00189066 -4.06438 1.05527 0.402657 -0.860064 0.3133 0
-4.57524 -2.10951 0.212881 -4.5084 -2.23684 3.90419 -0.673161 -0.578468 -0.460683 1
3.05945 3.47314 1.4145 -4.09378 -2.761 0.185472 0.301404 -0.696535 -0.651149 0
-4.30938 2.35114 0.529681 2.63068 -2.21975 2.193 -0.121095 0.254173 0.959548 1
-2.54098 4.8038 2.77472 -4.88326 -1.09507 3.7573 -0.815677 0.239945 -0.526401 1
1.28283 -1.36305 -4.71597 2.91406 3.99375 0.466115 -0.519654 -0.645038 -0.560255 1
-4.73018 2.31483 2.46221 2.13126 -1.56648 -0.20834 -0.924573 0.38042 0.0211013 1
1.16296 -0.0879893 -2.36331 0.560563 1.19894 -4.17735 -0.913898 -0.0664546 0.400467 1
4.23594 -4.47586 0.613169 0.504422 -1.57848 3.41396 0.637122 -0.141491 -0.757665 1
4.23773 3.87423 1.68286 4.82889 -2.45643 3.55433 0.418113 -0.891251 -0.175654 0
3.00514 0.151306 -3.38429 4.80185 3.89926 -2.59333 -0.032071 -0.515908 0.856043 1
-0.278996 3.67881 0.921264 -2.43734 2.04543 0.921762 0.31739 0.515194 -0.79614 1
-1.52925 4.90203 -0.381692 3.69665 -0.351419 -2.14496 0.55272 -0.826106 -0.109766 0
1.14602 1.93022 1.63098 -2.4968 4.76334 1.22299 0.198761 -0.760223 -0.61851 1
3.87481 3.187 0.780222 -0.332731 2.17526 4.00739 0.560934 0.614843 -0.554366 1
-4.14529 3.44177 -2.08762 1.35651 3.05 0.147144 0.905706 0.28481 -0.313974 0
3.32466 -3.30259 4.57587 -0.212653 0.0868559 -2.52216 -0.468805 -0.673041 -0.572047 0
4.67517 4.81137 1.8519 -4.13237 -0.147803 -4.48861 -0.736452 0.293284 -0.609609 0
-3.28531 2.64751 2.27243 -3.2683 -1.5674 3.87032 0.51164 0.858219 -0.0410485 1
3.82386 4.86903 -1.818 2.08386 3.62599 -2.3375 -0.515033 0.0355936 0.856431 0
-0.349478 1.73795 4.79989 2.69921 1.08542 -3.67162 0.541601 0.513345 -0.665692 0
3.95562 0.505382 1.79155 1.18272 2.82627 2.14511 -0.217487 -0.716437 -0.662886 1
-0.545256 4.51832 -2.35708 3.52375 3.82421 -4.11353 0.263342 0.546074 0.79527 1
-3.01658 -1.39186 4.85801 -2.81492 1.52182 0.313056 0.954017 -0.285884 -0.0901178 1
-0.436664 1.45235 4.71598 -4.03989 -0.795742 0.990611 -0.521668 0.293778 0.800972 1
0.488889 2.53112 -1.69022 2.33652 2.88108 -3.25085 0.67037 0.741281 -0.033261 0
1.50697 4.86056 0.199611 -0.337068 4.87771 -2.30768 -0.548589 0.596834 0.585524 1
2.31672 -4.30878 -1.29377 -3.82479 -1.66085 -2.82928 -0.636663 0.401576 -0.658328 0
-3.59409 4.53183 3.46966 3.8848 0.97066 4.18224 0.8989 0.0170943 0.43782 0
3.94699 -0.805382 -2.78877 4.65229 -2.27854 -2.89833 0.634188 0.745872 0.203669 1
0.126152 -4.46539 -4.23422 -3.49822 0.212798 0.241579 0.721012 -0.103961 -0.68508 1
-0.88425 -4.73617 1.273 1.56568 -2.93975 -1.58106 0.111731 0.738577 0.664846 1
-4.48901 -0.426875 1.43093 -0.921926 4.56352 3.19477 -0.471632 0.518033 -0.713586 1
-2.82434 -2.76806 4.61517 3.42313 4.52451 1.2676 0.292109 0.833333 0.469286 0
-0.722619 -2.68821 0.696573 3.24947 3.40294 4.93684 -0.400634 0.18675 0.897004 0
-2.68629 2.95516 -1.6658 4.93176 -2.9937 1.45933 -0.346605 -0.74855 -0.565277 0
2.98299 3.26132 -4.70856 1.93408 -1.83305 -4.84511 0.241907 -0.412857 -0.878083 0
-1.87396 4.84727 0.675007 -3.68094 -0.23286 4.30474 0.6014 0.352299 0.71708 1
3.55842 -3.46085 0.859555 -1.52041 -0.499882 -3.64018 -0.528804 -0.684963 -0.501191 0
2.39466 2.20815 -2.65412 -4.68094 -1.28605 -2.97681 0.540564 -0.533903 -0.650184 1
0.0723515 -0.994224 -1.38222 -4.42042 2.66767 -3.98152 -0.532048 -0.529347 -0.660846 0
3.18403 4.71132 0.368579 -2.71855 1.96152 4.07461 -0.960826 0.173106 -0.216443 0
2.1029 3.46654 1.22886 -0.849596 -3.42719 3.44776 -0.724144 0.637013 0.264252 1
2.13778 3.79557 2.14517 2.5582 1.63102 -0.305133 -0.584204 0.184352 -0.790392 0
0.256042 -4.46063 -3.25367 2.94497 -2.47617 3.30859 -0.256627 0.435377 -0.862896 1
-4.4038 -2.44984 3.73342 -1.28641 -4.38515 -4.73579 -0.277919 -0.70326 -0.654359 0
-2.51954 -2.93226 0.842332 -2.84506 3.83871 4.1015 0.790898 0.189043 0.582017 0
3.77521 -4.83229 -1.44195 -2.26994 -0.6338 -0.11725 0.775273 -0.611353 -0.158743 1
-2.37723 -2.97569 -1.73219 4.96276 0.122863 -4.12327 0.227085 0.924688 -0.305588 0
-1.90802 3.30684 4.38289 2.29097 -3.29313 1.93888 0.250918 -0.670004 0.698667 0
-0.489629 3.20042 -3.05806 0.941144 2.06705 0.80098 -0.682457 0.59189 -0.428857 1
0.942479 4.30243 3.1067 3.54904 -4.6425 0.23653 -0.0251075 -0.569569 -0.82156 0
1.71658 -3.28543 -4.58578 3.83606 1.70309 0.548682 0.477004 -0.594464 0.647364 0
-0.475535 -1.75406 -1.9124 0.165184 3.89244 -2.31071 -0.515207 -0.640678 -0.569292 1
4.17545 1.18666 -1.86106 2.7163 4.7339 -3.22992 -0.744997 -0.507317 0.433138 1
0.185873 -3.86267 4.97508 -3.21363 0.543035 3.96326 -0.627248 0.746083 -0.223429 0
0.0789685 2.67806 2.1445 -3.95788 -0.0543795 -2.77742 -0.787078 0.616021 -0.0320478 0
-2.11507 -4.41317 2.61591 2.57052 4.63037 1.96374 -0.540088 0.533011 0.65131 0
4.86096 -2.05005 -1.69406 -4.38712 1.24148 -1.91222 -0.543003 0.381494 -0.748071 0
2.07407 2.10341 2.87571 -0.404392 4.89258 -1.16172 -0.714049 -0.487063 0.502895 1
-2.4483 -0.570741 -4.72485 4.05228 -1.52234 1.45585 -0.486906 0.566946 -0.664451 1
-2.12699 -4.72613 3.102 3.8328 0.160875 1.70644 -0.455837 -0.815663 -0.356239 1
1.28365 0.218438 3.71811 3.99842 -2.00131 4.26596 -0.795732 -0.481255 0.3677 1
